example_data/JN_GEO_1km/dem_fill.txt
ncols         45
nrows         59
xllcorner     116.50986550247
yllcorner     26.46807586687
cellsize      0.008062025005
NODATA_value  -9999
-9999 -9999 -9999 -9999 -9999 -9999 -9999 -9999 -9999 -9999 -9999 -9999 -9999 -9999 -9999 -9999 -9999 567 -9999 -9999 -9999 -9999 -9999 -9999 -9999 -9999 -9999 -9999 -9999 -9999 -9999 -9999 -9999 -9999 -9999 -9999 -9999 -9999 -9999 -9999 -9999 -9999 -9999 -9999 -9999 
-9999 -9999 -9999 -9999 -9999 -9999 -9999 -9999 -9999 -9999 -9999 -9999 -9999 -9999 -9999 550 582 511 596 -9999 -9999 -9999 -9999 -9999 -9999 -9999 -9999 -9999 -9999 -9999 -9999 -9999 -9999 -9999 -9999 -9999 -9999 -9999 -9999 -9999 -9999 -9999 -9999 -9999 -9999 
-9999 -9999 -9999 -9999 -9999 -9999 -9999 -9999 -9999 -9999 -9999 -9999 -9999 -9999 533 550 489 489 672 815 723 -9999 -9999 -9999 -9999 -9999 -9999 -9999 -9999 -9999 -9999 -9999 -9999 -9999 -9999 -9999 -9999 -9999 -9999 -9999 -9999 -9999 -9999 -9999 -9999 
-9999 -9999 -9999 -9999 -9999 -9999 -9999 -9999 -9999 -9999 -9999 -9999 -9999 -9999 533 486 479 479 492 592 574 -9999 -9999 -9999 -9999 -9999 -9999 -9999 -9999 -9999 -9999 -9999 -9999 -9999 -9999 -9999 -9999 -9999 -9999 -9999 -9999 -9999 -9999 -9999 -9999 
-9999 -9999 -9999 -9999 -9999 -9999 -9999 -9999 -9999 -9999 -9999 -9999 -9999 646 680 587 505 469 469 487 661 -9999 -9999 -9999 -9999 -9999 -9999 -9999 -9999 -9999 -9999 -9999 -9999 -9999 -9999 -9999 -9999 -9999 -9999 -9999 -9999 -9999 -9999 -9999 -9999 
-9999 -9999 -9999 -9999 -9999 -9999 -9999 -9999 -9999 -9999 -9999 -9999 573 573 549 490 489 469 469 551 752 -9999 -9999 -9999 -9999 -9999 -9999 -9999 -9999 -9999 -9999 -9999 -9999 -9999 -9999 -9999 -9999 -9999 -9999 -9999 -9999 -9999 -9999 -9999 -9999 
-9999 -9999 -9999 -9999 -9999 -9999 -9999 -9999 -9999 -9999 -9999 -9999 530 498 498 477 487 469 546 546 618 -9999 -9999 -9999 -9999 -9999 -9999 -9999 -9999 -9999 -9999 -9999 -9999 -9999 -9999 -9999 -9999 -9999 -9999 -9999 -9999 -9999 -9999 -9999 -9999 
-9999 -9999 -9999 -9999 -9999 -9999 -9999 -9999 -9999 -9999 -9999 -9999 480 477 477 492 491 469 480 480 618 -9999 -9999 -9999 -9999 -9999 -9999 -9999 -9999 -9999 -9999 -9999 -9999 -9999 -9999 -9999 -9999 -9999 -9999 -9999 -9999 -9999 -9999 -9999 -9999 
-9999 -9999 -9999 -9999 -9999 -9999 -9999 -9999 -9999 -9999 -9999 490 483 484 469 469 472 466 466 589 589 -9999 -9999 -9999 -9999 -9999 -9999 -9999 -9999 -9999 -9999 -9999 -9999 -9999 -9999 -9999 -9999 -9999 -9999 -9999 -9999 -9999 -9999 -9999 -9999 
-9999 -9999 -9999 -9999 -9999 -9999 -9999 -9999 -9999 -9999 -9999 504 469 469 476 476 468 470 466 538 538 -9999 -9999 -9999 -9999 -9999 -9999 -9999 -9999 -9999 -9999 -9999 -9999 -9999 -9999 -9999 -9999 -9999 -9999 -9999 -9999 -9999 -9999 -9999 -9999 
-9999 -9999 -9999 -9999 -9999 -9999 -9999 -9999 -9999 598 502 502 475 493 474 466 468 470 466 492 477 477 563 -9999 -9999 -9999 -9999 -9999 -9999 -9999 -9999 -9999 -9999 -9999 -9999 -9999 -9999 -9999 -9999 -9999 -9999 -9999 -9999 -9999 -9999 
-9999 -9999 -9999 -9999 -9999 -9999 726 -9999 -9999 727 639 639 492 524 502 466 466 475 466 471 510 510 524 -9999 -9999 -9999 -9999 -9999 -9999 -9999 -9999 -9999 -9999 -9999 -9999 -9999 -9999 -9999 -9999 -9999 -9999 -9999 -9999 -9999 -9999 
-9999 -9999 -9999 -9999 -9999 829 698 698 731 674 588 523 523 479 502 474 466 466 482 466 501 466 466 486 -9999 -9999 -9999 -9999 -9999 -9999 -9999 -9999 -9999 -9999 -9999 -9999 -9999 -9999 -9999 -9999 -9999 -9999 -9999 -9999 -9999 
-9999 -9999 -9999 -9999 716 685 686 768 768 623 617 488 488 479 466 466 466 466 466 466 469 466 466 489 -9999 -9999 -9999 -9999 -9999 -9999 -9999 -9999 -9999 -9999 -9999 -9999 -9999 -9999 -9999 -9999 -9999 -9999 -9999 -9999 -9999 
-9999 -9999 -9999 836 656 556 745 843 843 828 602 539 500 500 466 499 466 487 487 474 466 469 489 489 523 484 548 -9999 -9999 -9999 -9999 -9999 -9999 -9999 -9999 -9999 -9999 -9999 -9999 -9999 -9999 -9999 -9999 -9999 -9999 
-9999 -9999 -9999 773 773 576 525 574 692 692 791 539 637 502 502 496 471 590 590 469 466 469 466 466 466 466 505 -9999 -9999 -9999 -9999 -9999 -9999 -9999 -9999 -9999 -9999 -9999 -9999 -9999 -9999 -9999 -9999 -9999 -9999 
-9999 -9999 -9999 918 918 676 525 525 525 692 791 552 638 609 609 636 538 494 478 478 466 466 477 466 466 475 470 -9999 498 470 515 -9999 -9999 -9999 -9999 -9999 -9999 -9999 424 371 -9999 -9999 -9999 -9999 -9999 
-9999 -9999 -9999 973 658 658 754 525 525 745 745 730 783 667 590 590 519 534 478 478 476 466 466 466 466 467 510 490 460 460 515 -9999 -9999 -9999 -9999 -9999 508 371 371 371 -9999 -9999 -9999 -9999 -9999 
-9999 -9999 -9999 -9999 860 860 623 525 534 537 537 551 620 568 680 680 548 617 478 491 491 466 466 466 490 490 494 475 460 460 520 693 792 594 -9999 -9999 498 371 371 371 -9999 -9999 -9999 -9999 -9999 
-9999 -9999 -9999 -9999 -9999 803 623 614 520 505 505 505 505 560 654 678 678 617 596 514 514 544 527 466 466 466 466 475 460 462 462 477 508 624 -9999 573 573 431 371 371 -9999 -9999 -9999 -9999 -9999 
-9999 -9999 -9999 -9999 -9999 803 803 566 660 547 524 524 505 595 744 678 678 593 605 564 641 641 627 482 485 437 466 455 495 557 557 524 402 589 574 574 436 431 419 371 -9999 -9999 -9999 -9999 -9999 
-9999 -9999 -9999 -9999 -9999 -9999 855 855 703 538 504 504 504 504 744 720 455 455 484 497 493 493 482 461 553 437 437 484 474 499 596 596 402 530 385 382 436 423 371 371 372 -9999 -9999 -9999 -9999 
-9999 -9999 -9999 -9999 -9999 -9999 747 747 872 855 754 518 518 504 552 691 491 491 451 482 465 400 400 411 553 437 451 451 436 542 467 467 402 452 385 382 382 371 371 371 437 -9999 -9999 -9999 -9999 
-9999 -9999 -9999 -9999 -9999 -9999 937 1025 1025 729 584 575 504 504 609 593 480 473 473 424 424 394 394 411 394 449 403 403 428 428 633 402 402 452 375 440 371 371 371 404 444 -9999 -9999 -9999 -9999 
-9999 -9999 -9999 -9999 740 848 887 705 705 592 550 575 462 462 502 515 428 424 424 441 481 457 394 394 419 407 422 388 388 457 419 375 375 375 388 375 371 371 414 404 539 1031 -9999 -9999 -9999 
-9999 -9999 -9999 658 658 507 540 608 572 572 550 479 462 515 515 494 424 424 424 424 481 457 434 434 388 388 415 388 388 388 375 375 465 465 479 371 371 371 371 393 586 817 1141 -9999 -9999 
-9999 -9999 -9999 522 507 507 507 653 572 572 573 470 465 443 443 481 424 451 424 424 449 446 486 413 413 419 388 407 389 389 375 375 459 496 496 412 371 371 371 450 586 817 1151 1151 1436 
656 589 515 515 612 612 507 653 475 470 470 496 517 624 443 443 424 449 424 424 424 447 516 537 537 500 394 388 421 389 378 379 436 763 763 666 470 385 562 450 733 954 1110 1221 -9999 
649 649 585 630 653 642 507 475 481 564 564 542 496 523 465 465 434 449 492 448 448 511 518 687 466 466 502 441 421 413 413 438 600 614 388 388 385 389 562 562 694 819 999 1155 -9999 
585 585 616 763 836 642 642 523 554 562 703 703 562 556 492 469 434 518 494 466 578 578 505 538 542 542 502 441 446 413 413 453 503 412 385 385 385 389 459 677 677 1026 1218 -9999 -9999 
-9999 606 606 799 836 805 743 743 596 641 870 870 594 758 625 469 469 535 466 477 505 505 549 742 628 532 532 530 431 413 458 458 549 385 385 385 385 447 508 647 647 857 1034 -9999 -9999 
-9999 742 742 799 -9999 829 672 672 710 669 725 801 801 758 625 678 703 703 508 495 506 600 600 725 628 514 514 495 413 413 423 423 472 385 385 385 385 465 465 594 683 683 872 -9999 -9999 
-9999 -9999 -9999 -9999 -9999 904 724 827 827 824 964 951 801 797 701 777 587 587 495 575 621 730 730 725 562 543 468 468 413 474 563 419 419 385 385 385 391 391 425 539 749 749 -9999 -9999 -9999 
-9999 -9999 -9999 -9999 -9999 -9999 789 783 -9999 -9999 -9999 951 959 959 881 593 570 538 538 744 783 643 555 555 494 485 449 449 459 686 627 588 419 385 385 385 395 395 538 420 569 732 732 -9999 -9999 
-9999 -9999 -9999 -9999 -9999 -9999 -9999 -9999 -9999 -9999 1009 948 833 833 858 892 899 604 604 723 683 643 630 630 557 449 449 486 486 749 587 588 439 439 395 385 385 416 416 416 521 688 732 -9999 -9999 
-9999 -9999 -9999 -9999 -9999 -9999 -9999 788 816 822 815 955 824 585 585 685 644 619 640 723 683 606 528 477 477 501 506 449 449 685 587 597 385 385 385 385 430 487 487 551 549 688 809 809 -9999 
-9999 -9999 -9999 -9999 -9999 -9999 -9999 595 816 745 745 636 691 607 607 510 500 530 640 640 561 576 536 474 474 466 501 625 629 685 541 460 425 385 385 431 579 784 673 551 549 581 774 812 -9999 
-9999 -9999 -9999 -9999 -9999 -9999 -9999 595 690 551 551 564 564 518 481 481 532 530 526 637 637 480 476 466 466 466 618 853 629 559 559 385 385 385 385 475 595 940 673 673 549 628 846 -9999 -9999 
-9999 -9999 -9999 -9999 -9999 -9999 743 594 521 570 511 511 482 501 464 464 532 469 512 544 544 474 466 466 539 539 813 853 599 445 445 385 433 521 594 594 560 940 921 815 815 738 -9999 -9999 -9999 
-9999 -9999 -9999 -9999 -9999 -9999 715 561 515 516 547 547 511 463 462 494 494 469 484 501 513 513 469 466 549 813 813 592 441 441 441 441 590 632 -9999 774 560 892 669 999 -9999 -9999 -9999 -9999 -9999 
-9999 -9999 -9999 -9999 -9999 -9999 611 611 497 497 513 503 503 493 462 450 450 450 461 488 547 547 462 450 549 450 450 441 484 490 547 547 558 696 -9999 -9999 599 669 -9999 -9999 -9999 -9999 -9999 -9999 -9999 
-9999 -9999 -9999 -9999 -9999 -9999 584 584 571 512 492 492 503 493 480 450 458 458 466 450 516 836 836 450 450 450 585 585 614 570 555 607 607 -9999 -9999 -9999 -9999 -9999 -9999 -9999 -9999 -9999 -9999 -9999 -9999 
-9999 -9999 -9999 -9999 -9999 -9999 585 508 508 536 492 492 492 492 559 450 450 459 459 450 490 475 836 523 450 450 625 625 795 657 637 645 645 -9999 -9999 -9999 -9999 -9999 -9999 -9999 -9999 -9999 -9999 -9999 -9999 
-9999 -9999 -9999 -9999 -9999 -9999 628 582 582 492 492 492 492 492 529 467 518 450 450 450 471 475 450 450 450 493 467 530 530 622 671 -9999 -9999 -9999 -9999 -9999 -9999 -9999 -9999 -9999 -9999 -9999 -9999 -9999 -9999 
-9999 -9999 -9999 -9999 -9999 688 582 582 636 492 542 542 497 484 484 450 500 450 450 450 471 450 450 450 541 609 617 799 799 823 -9999 -9999 -9999 -9999 -9999 -9999 -9999 -9999 -9999 -9999 -9999 -9999 -9999 -9999 -9999 
-9999 -9999 -9999 -9999 928 620 775 779 636 636 654 643 619 468 468 452 450 450 450 450 450 450 537 568 568 735 919 851 -9999 -9999 -9999 -9999 -9999 -9999 -9999 -9999 -9999 -9999 -9999 -9999 -9999 -9999 -9999 -9999 -9999 
-9999 -9999 1103 905 905 905 1033 779 822 683 683 561 468 480 463 463 458 450 451 450 450 450 549 613 613 802 -9999 -9999 -9999 -9999 -9999 -9999 -9999 -9999 -9999 -9999 -9999 -9999 -9999 -9999 -9999 -9999 -9999 -9999 -9999 
-9999 -9999 -9999 1215 1306 905 1033 877 655 599 599 586 498 619 583 583 458 461 470 464 464 450 562 587 701 701 -9999 -9999 -9999 -9999 -9999 -9999 -9999 -9999 -9999 -9999 -9999 -9999 -9999 -9999 -9999 -9999 -9999 -9999 -9999 
-9999 -9999 -9999 -9999 -9999 1088 1088 809 865 808 708 708 735 636 572 473 473 503 502 464 480 480 534 707 831 831 -9999 -9999 -9999 -9999 -9999 -9999 -9999 -9999 -9999 -9999 -9999 -9999 -9999 -9999 -9999 -9999 -9999 -9999 -9999 
-9999 -9999 -9999 -9999 -9999 -9999 -9999 1020 1089 992 1006 1006 823 764 572 528 528 480 464 464 533 533 548 775 -9999 -9999 -9999 -9999 -9999 -9999 -9999 -9999 -9999 -9999 -9999 -9999 -9999 -9999 -9999 -9999 -9999 -9999 -9999 -9999 -9999 
-9999 -9999 -9999 -9999 -9999 -9999 -9999 -9999 1037 817 789 652 652 764 564 602 464 464 498 578 464 695 695 -9999 -9999 -9999 -9999 -9999 -9999 -9999 -9999 -9999 -9999 -9999 -9999 -9999 -9999 -9999 -9999 -9999 -9999 -9999 -9999 -9999 -9999 
-9999 -9999 -9999 -9999 -9999 -9999 -9999 -9999 -9999 872 615 652 652 519 517 517 485 485 553 721 464 508 695 -9999 -9999 -9999 -9999 -9999 -9999 -9999 -9999 -9999 -9999 -9999 -9999 -9999 -9999 -9999 -9999 -9999 -9999 -9999 -9999 -9999 -9999 
-9999 -9999 -9999 -9999 -9999 -9999 -9999 -9999 -9999 -9999 615 576 532 532 563 485 518 619 619 509 495 508 842 -9999 -9999 -9999 -9999 -9999 -9999 -9999 -9999 -9999 -9999 -9999 -9999 -9999 -9999 -9999 -9999 -9999 -9999 -9999 -9999 -9999 -9999 
-9999 -9999 -9999 -9999 -9999 -9999 -9999 -9999 -9999 634 593 538 569 569 571 628 625 647 647 495 495 674 758 -9999 -9999 -9999 -9999 -9999 -9999 -9999 -9999 -9999 -9999 -9999 -9999 -9999 -9999 -9999 -9999 -9999 -9999 -9999 -9999 -9999 -9999 
-9999 -9999 -9999 -9999 -9999 -9999 -9999 -9999 -9999 661 675 697 545 629 629 705 567 543 537 495 510 699 -9999 -9999 -9999 -9999 -9999 -9999 -9999 -9999 -9999 -9999 -9999 -9999 -9999 -9999 -9999 -9999 -9999 -9999 -9999 -9999 -9999 -9999 -9999 
-9999 -9999 -9999 -9999 -9999 -9999 -9999 -9999 -9999 715 715 640 694 750 750 826 583 543 537 537 552 647 -9999 -9999 -9999 -9999 -9999 -9999 -9999 -9999 -9999 -9999 -9999 -9999 -9999 -9999 -9999 -9999 -9999 -9999 -9999 -9999 -9999 -9999 -9999 
-9999 -9999 -9999 -9999 -9999 -9999 -9999 -9999 -9999 -9999 711 751 778 785 984 984 583 537 537 573 573 -9999 -9999 -9999 -9999 -9999 -9999 -9999 -9999 -9999 -9999 -9999 -9999 -9999 -9999 -9999 -9999 -9999 -9999 -9999 -9999 -9999 -9999 -9999 -9999 
-9999 -9999 -9999 -9999 -9999 -9999 -9999 -9999 -9999 -9999 -9999 -9999 -9999 -9999 770 984 597 671 589 574 574 -9999 -9999 -9999 -9999 -9999 -9999 -9999 -9999 -9999 -9999 -9999 -9999 -9999 -9999 -9999 -9999 -9999 -9999 -9999 -9999 -9999 -9999 -9999 -9999 
-9999 -9999 -9999 -9999 -9999 -9999 -9999 -9999 -9999 -9999 -9999 -9999 -9999 -9999 770 634 634 -9999 639 -9999 -9999 -9999 -9999 -9999 -9999 -9999 -9999 -9999 -9999 -9999 -9999 -9999 -9999 -9999 -9999 -9999 -9999 -9999 -9999 -9999 -9999 -9999 -9999 -9999 -9999 
