example_data/dem_fill.txt
ncols         457
nrows         455
xllcorner     116.50864690785
yllcorner     26.34160728922
cellsize      0.002015441643
NODATA_value  -9999
[rows 40 to 79 of 455, columns 360 to 449 of 457]
553 519 568 598 620 641 608 640 674 674 611 550 503 495 484 515 479 417 417 404 403 392 398 398 391 394 405 423 423 399 380 378 390 390 402 410 441 441 468 426 481 529 529 552 468 475 504 504 600 664 766 773 773 697 769 618 618 562 508 489 466 466 498 504 483 475 475 471 471 492 492 516 502 -9999 -9999 -9999 -9999 -9999 -9999 -9999 -9999 -9999 -9999 -9999 -9999 -9999 -9999 -9999 -9999 -9999
519 519 519 598 606 606 624 669 686 630 630 565 534 495 495 492 486 440 440 440 441 416 391 390 390 384 392 404 404 413 378 379 381 381 402 425 432 423 423 437 485 516 535 535 468 436 481 481 528 606 714 717 717 624 769 691 550 550 503 484 458 458 475 492 483 450 450 464 466 516 519 519 494 -9999 -9999 -9999 -9999 -9999 -9999 -9999 -9999 -9999 -9999 -9999 -9999 -9999 -9999 -9999 -9999 -9999
557 557 519 566 575 575 634 628 633 633 633 550 534 474 433 433 516 487 417 402 402 416 391 385 385 382 387 402 407 407 378 376 381 400 400 416 410 419 419 471 477 480 508 535 448 431 505 568 568 658 692 650 589 624 665 606 527 527 491 463 452 468 468 492 488 441 454 454 491 511 493 493 487 492 -9999 -9999 -9999 -9999 -9999 -9999 -9999 -9999 -9999 -9999 -9999 -9999 -9999 -9999 -9999 -9999
585 557 519 555 494 516 516 518 561 598 545 550 491 487 413 413 455 446 416 402 402 416 400 402 384 384 380 394 403 403 404 376 378 387 387 409 415 462 494 494 469 449 508 420 420 452 527 659 659 707 624 542 589 589 584 547 522 504 504 483 460 452 484 484 479 440 461 461 498 509 479 483 487 472 499 -9999 -9999 -9999 -9999 -9999 -9999 -9999 -9999 -9999 -9999 -9999 -9999 -9999 -9999 -9999
585 557 557 485 481 487 487 484 540 595 545 545 471 459 432 412 412 439 402 413 416 416 429 409 388 388 380 381 405 405 404 376 379 381 389 389 465 483 495 495 469 449 495 414 414 483 593 711 638 638 599 542 542 496 496 490 512 492 492 484 451 452 490 490 464 459 440 453 453 470 463 483 472 472 503 -9999 -9999 -9999 -9999 -9999 -9999 -9999 -9999 -9999 -9999 -9999 -9999 -9999 -9999 -9999
612 526 526 509 481 481 482 482 538 595 512 468 468 454 414 396 396 434 396 413 425 425 423 408 390 378 378 377 388 405 376 376 377 378 395 395 420 475 444 457 457 464 408 439 513 513 649 694 601 638 599 500 465 456 456 443 474 494 461 461 451 432 444 440 440 440 440 447 447 447 463 461 480 480 492 536 -9999 -9999 -9999 -9999 -9999 -9999 -9999 -9999 -9999 -9999 -9999 -9999 -9999 -9999
567 510 481 481 502 507 533 533 538 555 479 462 462 420 414 396 416 416 396 417 402 419 419 412 410 387 387 377 388 392 377 377 376 376 399 434 434 439 444 480 474 474 408 450 508 508 628 598 601 508 508 466 442 428 446 446 443 476 463 461 472 434 432 452 452 475 501 475 485 447 461 482 466 492 492 529 -9999 -9999 -9999 -9999 -9999 -9999 -9999 -9999 -9999 -9999 -9999 -9999 -9999 -9999
515 490 481 481 546 591 533 561 561 592 513 485 429 429 433 411 387 416 397 396 414 405 405 397 387 387 422 377 376 381 383 376 376 376 393 414 414 439 433 416 424 424 408 445 541 596 596 598 549 455 455 424 428 422 455 455 439 476 463 443 443 426 452 496 506 506 548 487 485 485 479 498 495 508 508 524 575 -9999 -9999 -9999 -9999 -9999 -9999 -9999 -9999 -9999 -9999 -9999 -9999 -9999
554 490 466 471 471 591 612 590 590 519 487 482 464 464 405 401 387 381 381 400 444 404 404 404 388 404 422 422 376 376 383 376 376 376 436 434 438 438 420 419 403 408 408 453 497 574 596 544 458 444 435 435 419 430 425 427 439 465 453 424 424 468 475 466 483 483 548 487 517 500 500 503 519 495 541 541 567 -9999 -9999 -9999 -9999 -9999 -9999 -9999 -9999 -9999 -9999 -9999 -9999 -9999
556 521 525 466 471 561 628 529 459 459 445 445 444 409 405 401 380 380 380 399 417 418 415 415 395 404 417 383 383 376 376 376 376 376 386 434 442 442 444 401 424 409 409 450 485 574 532 532 446 419 419 419 419 419 419 427 427 434 429 420 467 467 507 515 520 521 521 544 558 534 534 542 564 541 549 541 567 -9999 -9999 -9999 -9999 -9999 -9999 -9999 -9999 -9999 -9999 -9999 -9999 -9999
521 537 453 466 503 503 522 473 469 467 467 435 421 409 409 407 398 376 374 374 407 431 401 410 395 408 418 402 402 418 389 376 376 376 386 421 446 433 433 395 434 415 470 470 485 496 532 532 465 419 419 419 419 419 419 419 419 419 420 436 461 493 493 515 520 531 531 542 556 576 592 592 607 604 549 612 612 639 -9999 -9999 -9999 -9999 -9999 -9999 -9999 -9999 -9999 -9999 -9999 -9999
552 552 453 451 504 504 400 435 483 418 418 441 421 407 412 412 400 412 381 370 370 378 401 410 410 407 392 419 449 449 406 400 376 376 376 419 422 416 416 410 390 405 432 470 514 436 419 440 440 419 419 419 419 419 440 428 449 449 447 461 457 492 492 515 520 525 534 534 546 568 570 570 587 604 579 629 629 650 663 -9999 -9999 -9999 -9999 -9999 -9999 -9999 -9999 -9999 -9999 -9999
575 552 469 453 404 384 384 387 417 427 392 441 426 418 375 375 379 398 393 368 368 378 414 387 387 387 404 439 432 432 418 381 376 376 376 393 423 410 379 379 379 416 432 477 477 452 419 419 419 419 419 419 419 419 421 432 435 433 433 441 448 453 514 514 501 514 527 527 529 542 552 558 587 600 592 607 619 619 635 686 758 758 818 962 -9999 -9999 -9999 -9999 -9999 -9999
575 521 521 512 532 408 408 366 377 387 392 392 411 394 367 367 367 385 416 368 383 383 413 387 416 416 429 414 431 443 418 381 376 394 412 412 413 378 398 398 422 416 444 419 419 419 419 442 433 433 419 419 419 421 421 422 428 435 435 469 465 453 463 463 481 507 513 520 520 532 541 558 568 568 575 612 615 615 651 712 747 886 886 953 1043 1252 -9999 -9999 -9999 -9999
599 594 594 538 475 388 364 364 364 387 378 409 409 388 366 365 365 398 403 368 376 376 375 395 415 404 404 399 412 443 415 415 376 377 387 387 382 370 384 421 422 415 391 391 439 439 429 470 451 451 419 419 420 449 449 455 487 450 492 492 465 458 464 475 475 483 503 510 510 521 541 553 556 556 589 668 647 670 670 756 747 870 984 984 1131 1258 -9999 -9999 -9999 -9999
685 649 558 558 493 428 406 406 364 363 376 388 388 362 358 376 374 374 403 373 364 375 375 382 433 443 443 399 412 433 453 453 409 376 396 366 366 368 384 421 391 391 391 428 438 438 475 506 473 427 427 428 437 462 493 493 499 509 516 492 484 502 489 484 484 482 495 502 519 521 525 540 552 616 616 643 671 703 703 756 892 936 942 942 1109 1258 -9999 -9999 -9999 -9999
636 585 576 576 457 445 409 363 363 363 360 363 361 361 355 358 363 374 390 381 364 372 372 400 408 438 401 399 386 411 436 432 432 401 365 367 367 368 369 384 394 394 397 445 478 516 516 519 473 439 439 464 454 476 470 470 471 519 516 508 508 508 524 528 538 538 502 496 519 519 526 552 566 641 641 642 734 768 743 743 843 967 1065 1126 1126 1258 1385 -9999 -9999 -9999
618 571 517 438 438 420 409 376 376 361 356 357 353 353 354 353 363 383 383 358 363 373 398 398 403 411 401 401 375 385 422 403 403 383 365 407 375 375 395 374 415 412 412 439 426 467 516 519 463 469 500 500 491 460 451 490 490 519 474 503 503 542 586 586 572 572 531 496 516 555 555 581 602 586 638 638 786 768 861 861 854 1004 1154 1268 1268 1364 1455 -9999 -9999 -9999
566 526 498 448 448 420 417 395 366 366 362 353 356 352 352 353 352 357 357 367 376 396 409 409 398 411 378 373 373 380 392 370 357 357 397 407 413 413 407 421 441 428 428 393 395 467 434 434 426 456 494 460 460 443 473 490 490 502 459 460 530 530 592 631 587 555 531 518 526 547 547 563 586 626 682 682 786 904 1003 1100 1100 1070 1065 1207 1382 1382 -9999 -9999 -9999 -9999
498 458 443 448 441 441 437 401 386 369 369 369 401 355 352 352 362 391 370 370 388 390 428 446 398 434 443 425 425 373 367 363 356 356 397 396 415 400 400 411 418 415 381 381 395 440 439 439 405 462 486 430 430 413 473 503 460 460 442 456 553 591 591 625 628 555 555 539 533 548 565 565 603 647 698 798 798 919 995 1116 1116 1173 1138 1183 1323 1382 -9999 -9999 -9999 -9999
446 446 443 440 424 424 402 377 376 362 362 375 393 355 352 352 389 388 377 377 380 403 446 446 446 485 442 412 417 417 371 372 355 372 372 380 379 392 392 393 431 406 377 381 382 428 428 397 397 439 451 425 405 413 426 432 442 442 442 511 577 621 621 625 628 639 570 570 578 546 576 653 653 663 698 745 745 826 993 1117 1182 1182 1296 1323 1323 -9999 -9999 -9999 -9999 -9999
474 446 419 399 384 407 407 381 382 362 367 375 393 352 361 361 391 408 413 413 413 426 446 439 482 482 442 427 387 387 388 392 355 359 359 367 375 389 363 363 405 379 377 398 398 407 399 394 394 429 419 429 405 405 418 418 419 451 451 490 575 623 654 654 668 662 649 649 609 620 628 650 653 663 713 789 919 919 1007 1157 1168 1168 1200 1323 -9999 -9999 -9999 -9999 -9999 -9999
474 444 444 434 401 373 373 390 387 362 367 367 352 352 397 442 442 419 420 395 409 426 439 447 451 451 415 413 392 393 393 392 359 353 356 356 363 356 357 357 377 379 377 399 399 407 392 389 408 408 398 429 398 438 438 452 463 496 496 547 611 623 649 649 652 653 631 622 622 628 623 650 693 693 738 813 964 964 1085 1158 999 1200 1200 1350 -9999 -9999 -9999 -9999 -9999 -9999
511 486 486 426 408 403 366 366 370 362 354 352 352 363 402 431 431 409 398 395 409 409 451 497 466 415 415 402 395 395 372 372 369 360 353 353 353 353 378 405 377 377 377 377 377 377 378 378 390 390 398 398 423 467 467 509 497 536 585 585 611 665 675 609 609 611 601 618 618 629 623 667 691 691 737 849 917 973 973 950 999 1126 1303 1303 1348 -9999 -9999 -9999 -9999 -9999
469 481 444 444 420 377 366 366 370 357 355 352 352 376 407 456 431 431 398 393 438 454 454 452 432 397 397 389 383 395 412 412 382 391 353 353 353 353 385 405 385 385 391 405 388 388 383 383 428 390 390 412 459 532 555 555 507 511 560 585 637 678 620 589 589 582 562 602 641 629 616 661 714 733 733 742 806 880 880 950 965 1145 1203 1203 1319 1331 -9999 -9999 -9999 -9999
447 436 414 414 400 391 387 362 362 352 352 352 362 362 389 436 441 431 381 395 432 398 398 409 422 379 377 389 383 382 388 410 410 384 353 353 353 357 385 395 417 417 425 440 408 432 432 401 428 390 390 430 433 486 519 519 479 514 560 622 622 646 622 572 569 569 552 621 641 641 596 660 691 667 667 726 690 759 816 816 957 1066 1019 1110 1110 1290 -9999 -9999 -9999 -9999
467 458 445 426 426 369 387 373 373 363 352 352 355 355 380 410 441 381 381 405 417 416 383 383 389 399 377 377 389 396 382 377 377 380 353 353 378 357 390 396 431 424 424 472 481 444 444 401 434 400 424 424 424 455 441 479 479 514 547 649 649 615 611 567 552 552 554 621 620 636 636 596 656 642 642 642 666 759 814 814 839 905 1028 1175 1175 1257 -9999 -9999 -9999 -9999
463 509 471 431 431 369 372 377 365 365 356 352 352 361 361 410 429 375 375 372 372 374 377 377 377 399 377 379 379 393 364 361 373 373 353 353 378 378 370 429 459 428 428 448 502 546 434 434 457 412 460 428 428 424 448 523 479 546 588 651 605 605 573 575 543 577 554 601 646 611 611 588 655 595 650 650 666 757 844 865 865 989 1093 1130 1231 1231 -9999 -9999 -9999 -9999
452 493 448 401 383 383 361 365 371 371 365 352 352 399 361 415 421 411 383 383 376 370 370 378 377 377 396 382 382 375 395 364 353 353 353 385 423 416 416 407 421 443 486 486 502 546 470 470 449 423 421 472 472 424 470 523 557 557 590 596 585 575 575 557 543 577 577 652 674 602 588 588 588 616 662 723 723 799 835 851 851 895 958 1047 1095 1231 -9999 -9999 -9999 -9999
418 418 468 401 388 388 361 361 352 352 352 352 352 399 412 412 431 410 408 408 406 384 370 378 378 389 380 360 353 353 377 353 356 402 402 417 408 431 431 469 467 472 508 486 538 591 547 474 474 481 443 477 461 461 470 509 514 514 573 599 560 560 560 535 543 566 615 615 662 574 568 593 593 629 662 736 736 729 707 757 848 848 876 953 1095 1218 1218 -9999 -9999 -9999
390 418 468 414 389 379 379 388 373 368 352 352 352 398 481 481 429 408 432 409 409 418 370 370 387 387 372 374 347 347 355 353 356 429 429 427 441 452 493 493 494 460 508 536 536 610 570 517 517 486 450 451 461 461 451 479 528 557 557 586 560 572 535 535 535 581 586 586 632 568 568 611 611 629 699 693 669 669 669 725 804 863 863 953 1065 1108 1108 1244 -9999 -9999
390 446 446 396 374 400 400 371 390 363 352 352 352 422 491 468 468 425 448 434 373 418 370 382 370 370 368 366 347 353 353 353 399 398 395 395 411 413 445 445 431 460 482 567 567 629 668 545 490 490 475 451 451 451 451 498 509 524 524 563 564 572 535 535 541 570 549 551 551 614 568 587 622 622 699 685 629 629 681 708 763 813 863 896 977 1093 1201 1201 -9999 -9999
357 387 387 395 374 422 376 376 364 363 352 352 352 368 488 481 481 453 446 404 373 373 380 408 389 359 359 347 347 378 395 395 409 358 365 365 389 445 443 431 431 432 519 557 647 647 710 598 528 528 475 517 470 476 476 457 487 541 551 551 564 547 557 535 535 533 540 593 593 630 568 587 633 633 703 676 629 662 662 698 765 813 890 890 948 1001 1103 1103 1147 -9999
371 356 387 387 365 399 374 374 364 355 360 352 352 376 397 459 498 498 478 404 367 405 405 380 389 376 376 347 347 378 386 386 355 378 391 435 435 441 431 431 489 489 535 599 660 660 747 657 567 495 495 516 502 470 503 503 517 573 586 551 564 545 533 533 533 533 533 630 571 630 568 568 624 621 621 673 629 717 717 774 765 791 832 832 906 996 1113 1040 1040 1066
385 373 352 352 352 357 356 397 397 367 369 358 352 352 379 482 509 498 478 424 367 391 391 380 388 360 347 347 347 362 358 347 347 375 392 456 456 471 431 434 488 488 523 613 674 779 779 782 567 544 519 519 528 514 512 512 565 642 586 560 560 533 578 562 548 548 538 526 571 571 568 568 568 568 568 604 632 655 774 774 766 733 799 807 807 923 951 923 923 1066
451 402 366 351 351 347 356 372 372 368 346 346 346 346 385 485 509 465 465 351 385 382 390 390 370 378 380 347 347 347 347 347 347 353 379 400 433 471 464 429 482 550 550 566 650 722 722 782 639 592 594 594 573 591 563 574 574 642 588 560 592 592 574 587 526 526 526 526 545 655 655 568 568 609 599 599 599 655 724 724 693 708 735 764 764 825 889 923 986 986
471 405 395 371 371 347 347 346 346 346 346 346 346 361 361 485 482 422 422 356 346 379 386 386 401 378 380 359 359 347 347 394 378 378 394 407 433 433 472 426 491 556 556 525 607 674 789 789 717 685 700 677 677 659 668 666 574 679 625 595 643 643 625 663 522 581 526 606 645 723 723 625 590 637 640 640 599 616 627 651 651 728 723 761 829 829 889 997 1090 1090
455 419 399 367 367 367 354 346 346 346 348 346 346 346 361 443 431 350 346 346 373 364 373 392 401 384 381 347 347 351 347 387 404 404 401 407 394 403 403 408 469 483 525 525 651 674 746 746 641 681 710 758 758 756 748 666 755 755 733 703 657 627 627 676 522 581 581 659 678 773 710 710 657 640 618 618 618 671 711 724 724 739 812 848 906 829 927 1030 1054 1170
417 417 469 367 369 369 360 371 372 364 364 351 346 346 426 426 406 359 346 346 374 364 389 392 392 397 362 345 373 373 384 386 380 401 401 429 396 384 384 453 516 528 589 589 651 626 599 607 607 633 704 789 876 876 748 710 716 716 714 670 655 609 609 566 522 554 669 669 730 740 732 667 667 624 618 679 679 673 679 731 765 765 849 874 906 887 887 920 964 1034
475 475 469 400 374 360 360 398 390 360 346 346 346 346 415 415 414 346 353 364 364 402 389 400 386 386 345 357 378 378 408 400 380 393 393 413 390 376 426 426 477 502 540 650 650 560 529 608 608 645 719 847 793 876 797 750 697 640 640 621 583 603 534 566 522 533 647 647 710 685 620 615 615 624 653 706 769 769 734 714 734 760 760 874 891 923 923 996 1089 1135
