example_data/dem_fill.txt
ncols         457
nrows         455
xllcorner     116.50864690785
yllcorner     26.34160728922
cellsize      0.002015441643
NODATA_value  -9999
[rows 120 to 159 of 455, columns 180 to 269 of 457]
500 497 497 497 503 514 575 575 636 578 554 555 555 610 654 727 752 752 801 832 890 1034 1043 1103 1094 1061 1096 1096 1155 1161 1129 1129 1118 1030 910 835 835 786 716 745 742 742 746 668 593 668 668 563 526 528 528 515 535 449 450 450 446 433 518 453 453 454 502 527 601 601 561 590 599 599 598 662 716 742 715 766 743 788 869 869 791 666 691 730 799 759 839 981 981 1111
500 497 524 524 535 576 608 635 635 621 554 561 588 588 650 715 777 849 849 946 964 1034 1034 1092 1115 1155 1178 1178 1140 1087 1058 1058 1058 973 862 787 787 787 791 834 785 785 746 667 612 736 736 616 611 640 654 654 535 661 615 478 478 429 508 453 453 545 502 527 547 547 538 524 539 627 627 643 765 742 859 859 842 861 899 899 858 699 666 730 730 730 848 958 1043 1043
499 472 494 505 505 562 647 649 619 621 607 595 572 572 615 708 791 847 847 946 964 1036 1108 1108 1146 1177 1081 1019 1019 980 1058 1001 1001 906 841 830 889 889 884 873 785 727 727 682 678 748 733 733 781 645 601 654 599 566 516 458 458 428 446 527 558 545 530 509 497 488 488 534 554 642 642 681 765 786 841 841 891 869 897 879 879 739 666 690 767 767 845 949 1059 1059
471 471 500 512 512 548 602 577 619 619 552 521 565 667 667 794 781 900 932 932 999 1067 987 987 1013 1066 1040 949 949 980 954 962 887 887 899 923 940 893 893 873 805 765 765 730 697 814 893 893 805 644 601 525 525 494 472 436 428 428 456 506 558 558 507 502 479 498 498 531 565 650 805 681 813 914 975 938 938 909 923 909 909 739 666 666 742 742 844 1003 1126 1198
471 521 477 479 477 477 544 577 548 509 509 551 614 651 651 757 772 900 1016 1016 1071 928 854 987 987 934 916 863 888 888 895 928 984 984 964 953 877 812 893 823 788 718 701 701 800 918 856 772 772 644 571 513 513 474 450 436 428 428 448 506 480 477 477 464 467 482 513 513 544 620 805 805 877 917 953 999 999 944 985 959 742 742 728 722 705 809 809 947 1099 1181
465 465 458 447 493 493 544 534 535 484 484 563 527 635 668 668 772 887 979 980 980 861 797 857 857 866 803 863 780 780 867 965 1080 1095 1095 972 902 812 765 765 731 725 792 792 878 936 787 660 772 651 580 520 490 490 500 463 428 428 448 470 447 451 451 443 458 500 568 568 544 620 735 842 842 852 892 917 1000 1000 1077 959 826 826 835 738 741 823 823 903 999 1181
442 442 432 452 493 525 525 484 509 484 520 520 531 585 719 668 791 837 947 894 894 820 742 780 772 866 803 752 788 913 913 1045 1134 1041 1041 952 902 821 776 776 757 779 833 968 968 896 787 660 611 611 552 529 519 519 489 456 428 428 428 447 437 428 436 436 486 501 552 584 584 633 686 796 796 857 861 915 1046 1046 1077 1117 970 844 844 738 829 867 859 859 999 1019
422 422 422 452 493 543 543 500 484 484 542 542 583 654 719 794 794 835 820 804 770 770 682 707 772 772 758 726 852 930 930 1049 1169 1059 956 952 870 811 779 785 785 836 947 1001 1001 896 795 664 599 599 554 518 513 462 462 443 428 428 428 428 428 432 464 464 506 565 552 586 586 646 715 831 999 999 928 954 1041 1142 1142 1143 903 792 738 738 883 982 951 859 927 1024
423 422 422 462 472 555 484 484 484 486 524 612 612 654 721 758 758 767 726 766 758 758 682 707 672 687 687 743 866 1017 1114 1114 1087 1033 956 956 870 820 840 834 834 883 1033 1065 900 900 794 684 628 603 603 550 520 508 508 443 428 428 428 428 458 477 473 495 495 565 560 595 648 648 734 880 1089 1049 1049 954 1041 1057 1057 1001 855 746 810 810 914 1030 951 1016 1016 1091
446 422 444 444 446 487 484 484 484 525 587 579 612 681 694 675 713 713 761 706 685 656 682 640 651 712 712 793 850 1001 1120 1120 1047 1033 947 868 868 859 860 895 945 945 1030 1065 918 918 794 673 638 579 579 546 516 508 465 465 428 428 457 455 455 452 480 479 542 542 606 632 693 693 766 858 1033 1125 1049 1023 1048 1017 951 951 843 783 786 923 923 1030 1068 1134 1134 1325
446 422 422 422 425 482 440 489 489 570 587 579 610 610 639 682 670 670 664 653 582 656 656 612 661 737 857 857 924 952 1052 1047 1047 963 910 858 858 828 877 900 972 972 1030 1147 1024 860 860 708 656 611 552 552 516 463 444 444 465 428 428 428 428 441 467 479 504 504 557 587 646 705 705 791 933 1125 1163 1163 1161 1053 1033 1033 903 805 838 931 923 1026 1125 1228 1384 1384
451 438 422 422 422 439 444 530 530 570 611 543 580 580 596 593 582 546 546 531 582 590 612 612 752 839 938 938 1003 1049 1052 1003 1003 931 857 826 837 837 825 867 930 1055 1055 1112 970 843 843 718 657 603 554 552 509 480 491 445 445 428 428 428 439 439 467 487 524 569 569 590 641 705 705 786 933 1120 1222 1222 1243 1156 1072 960 960 847 838 931 1032 1032 1208 1372 1465 1465
485 486 430 433 433 422 448 495 587 587 547 514 541 561 561 513 513 527 527 531 536 663 656 656 768 917 1005 1044 1044 1049 1033 936 859 859 854 816 804 804 800 824 930 1042 1042 1042 997 885 737 737 685 635 554 536 536 514 449 428 428 428 428 428 439 439 489 502 536 567 567 588 621 685 766 786 903 1143 1329 1297 1297 1230 1147 998 998 847 900 977 1055 1055 1153 1355 1427 1459
477 433 430 459 422 422 460 495 513 513 516 481 493 513 513 513 556 527 650 650 688 743 751 842 842 903 924 976 1044 1009 965 945 913 913 823 803 800 786 800 824 942 1039 928 928 923 928 818 750 750 635 644 633 633 504 448 428 428 428 428 428 453 468 468 501 552 550 567 567 611 665 766 766 949 1162 1326 1314 1314 1292 1119 1009 916 916 1025 1066 1111 1293 1293 1422 1452 1451
444 432 473 457 405 405 460 496 460 474 474 463 462 545 610 610 556 634 724 724 818 794 794 831 831 796 883 976 960 960 902 911 918 906 906 816 781 786 786 863 944 1016 921 921 847 884 814 775 750 708 738 625 503 503 433 428 428 428 428 430 442 471 471 507 585 689 689 689 669 665 729 953 953 1161 1301 1339 1337 1337 1182 1009 969 969 1135 1237 1306 1395 1395 1459 1403 1451
466 466 495 445 405 441 441 483 460 462 462 462 500 602 674 610 607 696 774 835 835 766 825 810 766 766 883 822 804 804 841 945 998 917 917 835 781 801 839 839 914 1022 937 881 881 785 758 775 739 739 672 537 472 472 428 428 428 428 428 460 443 477 508 508 551 667 822 798 669 777 851 1012 1012 1265 1398 1324 1267 1267 1182 1081 1123 1160 1160 1288 1444 1452 1443 1443 1403 1366
512 512 455 422 405 405 405 435 426 459 495 495 518 574 674 712 712 776 785 775 775 748 760 726 751 766 789 785 794 845 845 939 994 983 863 835 781 784 854 933 933 978 877 864 864 778 758 754 674 674 575 494 447 428 428 428 428 428 459 459 468 483 542 542 573 709 822 798 798 860 1051 1198 1311 1311 1467 1402 1286 1150 1150 1158 1286 1346 1346 1466 1449 1463 1431 1443 1333 1274
481 430 455 422 396 403 408 408 452 532 560 560 598 574 657 745 745 790 739 689 704 704 693 726 751 785 785 794 849 929 929 985 1035 1001 863 863 788 781 843 871 871 875 836 763 778 778 748 749 628 600 600 505 428 428 428 428 428 428 445 445 475 514 544 605 605 709 843 932 949 949 1029 1048 1201 1201 1462 1452 1286 1167 1167 1301 1422 1464 1450 1450 1403 1491 1431 1303 1303 1198
453 430 430 399 396 414 451 451 474 523 594 649 598 629 680 698 666 666 662 670 693 693 693 754 760 807 807 855 910 969 1030 1030 1065 1001 924 824 824 776 776 789 829 829 784 763 748 748 808 778 693 586 586 492 440 428 428 428 428 428 472 491 491 518 572 655 605 701 781 883 873 873 954 1073 1273 1505 1505 1452 1328 1200 1350 1350 1417 1444 1358 1358 1443 1491 1387 1299 1299 1198
453 412 395 395 392 402 461 467 467 491 569 649 649 678 726 677 607 607 653 687 719 738 738 766 793 777 810 810 830 897 992 1022 1065 1007 929 865 865 787 785 680 761 761 784 715 709 817 817 791 660 577 532 532 474 428 428 428 428 472 495 532 532 550 598 655 681 681 758 768 870 1015 1015 1148 1238 1505 1505 1347 1263 1269 1351 1351 1368 1339 1392 1445 1443 1481 1464 1417 1321 1321
444 423 397 397 392 402 425 484 484 509 569 603 657 657 650 635 601 641 641 674 719 721 721 709 726 707 739 739 790 875 957 1022 1022 1047 965 857 787 787 745 713 669 704 704 660 677 748 748 766 636 540 481 532 474 430 428 428 428 466 485 513 516 516 598 681 693 693 738 826 925 1028 1028 1073 1238 1404 1244 1244 1172 1254 1315 1349 1349 1304 1362 1445 1445 1413 1429 1450 1377 1377
442 452 408 392 392 416 441 500 509 509 543 611 620 620 618 601 634 657 657 674 684 666 652 652 662 672 671 740 740 875 957 963 990 990 969 881 786 786 716 660 669 666 666 609 634 738 714 714 599 517 481 446 446 428 428 428 428 437 461 484 552 516 567 607 722 753 753 898 959 1026 1083 1073 1198 1299 1114 1114 1107 1206 1286 1351 1351 1286 1362 1432 1372 1372 1352 1426 1345 1239
423 471 418 392 392 413 430 500 528 528 601 629 608 601 601 616 623 625 628 628 642 612 609 661 661 638 656 669 740 816 823 908 1000 1000 974 903 811 720 720 660 591 562 603 603 611 689 804 804 689 517 495 449 449 428 428 428 434 434 522 580 552 656 656 721 769 838 838 850 941 1010 1083 1083 1128 1094 1008 1025 1025 1129 1212 1338 1286 1286 1263 1362 1342 1256 1256 1384 1368 1262
404 422 424 392 399 399 430 473 494 542 542 621 614 589 589 587 612 625 610 610 601 603 601 637 637 634 641 669 726 726 798 844 916 940 940 852 758 689 720 632 584 558 576 576 626 717 837 769 689 614 547 498 453 453 428 428 449 449 522 580 642 670 670 539 644 717 653 653 824 1010 1093 973 973 955 909 949 1138 1138 1209 1338 1238 1238 1235 1253 1221 1203 1203 1287 1305 1234
392 392 392 392 398 399 422 484 552 602 602 651 625 606 562 587 612 609 588 588 588 579 594 595 634 634 641 659 690 690 745 774 820 846 846 784 758 689 660 660 628 558 558 591 591 710 730 769 769 818 647 574 502 502 428 428 492 505 505 574 569 603 477 477 518 555 626 626 824 938 908 820 820 826 804 991 1240 1240 1209 1346 1230 1125 1125 1159 1106 1213 1200 1200 1162 1234
406 406 427 430 398 423 423 464 513 562 662 662 627 598 562 570 570 569 591 600 600 575 618 629 627 634 668 677 686 660 660 708 783 790 767 784 707 713 661 661 588 577 558 632 632 692 730 769 796 796 740 692 569 438 438 428 492 553 553 537 441 461 471 471 485 546 650 781 781 915 806 702 708 708 852 1025 1203 1290 1290 1284 1238 1120 1120 1011 1094 1104 1068 1200 1162 1143
433 420 420 430 446 464 464 477 509 603 655 655 656 598 553 547 547 547 577 563 569 569 592 611 627 669 669 639 622 641 641 672 720 755 767 767 733 687 631 553 553 528 546 607 708 692 690 628 656 656 668 586 519 488 488 428 504 428 470 470 428 428 487 510 510 587 650 761 806 806 702 612 720 720 810 984 1203 1229 1229 1242 1170 1099 949 949 1051 1034 1068 1069 1069 1028
430 444 420 468 497 509 564 564 615 618 634 650 656 618 547 553 570 570 550 554 564 564 569 611 616 615 615 603 608 631 693 693 711 755 776 740 740 678 600 568 568 579 528 578 708 708 595 594 561 591 591 543 535 558 478 478 428 428 428 428 428 428 515 595 510 587 724 829 704 704 550 625 752 833 833 984 1162 1092 1130 1130 1152 1068 992 992 927 1034 945 950 950 1003
430 444 430 430 476 518 596 686 686 617 605 650 650 584 544 579 583 583 588 575 568 569 569 595 593 576 571 571 588 656 650 650 711 745 775 742 742 675 589 624 575 575 528 578 710 619 619 562 547 543 543 563 600 558 580 580 587 486 429 428 428 486 517 595 660 660 749 754 587 550 550 658 720 844 833 1020 1093 998 1002 1002 1058 1013 1003 877 927 903 877 986 1064 1064
442 482 475 475 474 531 627 690 690 643 605 594 535 535 535 602 633 596 596 610 568 586 586 569 582 572 562 562 580 605 609 658 658 665 755 758 685 685 613 579 555 575 528 591 717 615 615 543 558 564 594 594 600 720 666 627 627 505 393 462 595 595 517 681 644 644 649 663 539 551 551 589 683 844 1015 1015 994 975 910 915 915 1005 904 877 877 757 876 1004 1140 1140
511 504 547 532 532 610 665 764 641 643 554 535 566 566 604 627 637 633 633 610 584 577 586 586 579 541 591 619 619 620 609 637 637 646 674 695 652 652 578 547 555 528 528 565 625 561 507 507 546 554 599 594 679 810 773 662 662 487 393 483 536 595 665 623 597 519 519 554 479 536 560 589 683 789 966 966 881 901 940 790 790 907 904 782 757 757 926 1030 1047 965
571 560 598 641 641 670 724 791 641 641 564 495 552 571 571 593 575 598 609 609 618 593 593 593 558 541 580 600 600 620 609 619 631 631 652 643 598 557 557 547 528 528 528 528 528 462 470 470 504 554 599 635 635 712 709 592 467 467 393 449 536 619 619 542 480 518 518 525 453 493 560 560 650 754 926 894 894 790 784 725 704 907 838 670 754 754 883 844 841 885
542 595 643 699 761 761 724 791 642 544 544 495 507 509 509 510 551 598 590 590 580 578 560 541 541 545 568 600 624 624 613 624 633 633 644 670 616 566 557 576 558 531 540 540 564 490 453 448 504 506 505 533 581 581 592 582 409 409 393 449 529 548 548 439 429 504 493 493 437 493 539 595 595 686 913 841 841 774 665 612 704 704 663 618 756 719 719 749 728 801
567 567 583 653 737 761 803 774 633 535 535 503 472 472 500 500 551 570 565 526 526 530 529 565 565 578 568 594 609 609 609 609 622 654 654 696 628 566 580 580 531 532 597 597 678 583 487 448 448 442 438 465 489 489 525 568 505 393 393 432 479 408 401 401 430 487 470 470 437 477 525 625 625 731 897 763 685 685 665 612 595 580 580 671 677 641 641 663 724 801
546 546 605 661 737 673 673 666 627 527 493 493 472 472 482 500 496 538 533 497 497 518 545 556 599 578 578 596 615 626 626 634 636 671 671 715 628 629 568 568 531 560 618 723 723 666 487 480 464 464 438 438 438 491 491 485 505 393 393 398 425 361 375 375 384 461 431 421 421 466 557 637 778 778 856 709 610 685 667 551 522 627 627 607 603 596 638 638 724 806
563 635 635 661 726 652 652 568 572 542 500 500 472 472 482 483 483 494 508 490 523 523 576 595 599 599 586 609 621 639 639 680 674 703 715 715 718 621 565 565 565 569 651 735 671 666 560 545 504 504 507 438 464 435 435 485 467 450 393 393 361 361 361 361 361 381 431 415 415 461 575 632 720 720 774 659 610 568 568 497 574 572 570 570 541 610 626 638 677 740
596 631 635 697 750 672 617 617 568 533 490 473 472 472 472 478 478 501 490 530 537 537 603 595 622 642 642 623 689 711 711 711 734 703 760 760 697 643 601 585 585 601 642 735 671 671 615 577 569 528 528 531 490 409 389 389 397 409 448 448 418 361 361 361 361 381 415 468 511 511 625 714 674 651 651 659 591 532 532 478 543 487 509 509 585 610 626 674 674 723
632 631 675 675 753 764 719 719 629 622 504 473 473 472 472 487 481 481 503 506 506 554 603 628 608 644 644 680 663 690 742 742 734 775 825 719 719 700 624 601 671 671 696 735 708 599 599 579 531 482 482 482 445 409 426 426 389 389 372 361 361 361 423 456 421 421 403 451 530 530 651 712 554 545 651 570 547 493 470 470 488 471 495 511 585 569 621 692 768 768
632 653 698 698 648 699 731 758 758 621 504 490 472 472 472 477 489 489 484 529 515 554 554 549 550 576 599 599 663 704 777 786 786 845 840 742 672 672 682 668 691 691 696 688 605 581 581 539 538 527 514 514 445 435 494 514 514 424 406 361 361 445 423 456 462 462 403 466 549 617 617 586 535 545 528 528 505 478 446 442 442 481 510 511 511 570 613 682 700 700
584 641 638 539 539 573 621 665 665 621 526 484 472 472 483 486 468 510 510 529 515 534 534 534 574 627 644 644 703 750 777 777 777 833 867 784 728 728 716 748 691 647 647 613 649 640 610 610 549 619 668 514 560 554 548 536 536 476 451 385 350 445 408 388 359 431 431 485 499 566 566 499 535 476 471 471 472 453 431 449 449 503 510 544 590 590 633 690 815 902
