example_data/dem_fill.txt
ncols         457
nrows         455
xllcorner     116.50864690785
yllcorner     26.34160728922
cellsize      0.002015441643
NODATA_value  -9999
[rows 120 to 159 of 455, columns 270 to 359 of 457]
1137 1219 1333 1333 1437 1343 1340 1296 1296 1145 1172 1305 1320 1320 1364 1219 1116 1116 989 906 857 831 831 766 685 652 555 555 608 650 744 688 688 668 702 753 750 708 687 658 724 724 769 837 892 772 732 645 600 573 533 533 541 525 500 505 512 470 440 479 479 421 412 382 432 432 489 437 401 384 384 422 382 362 363 363 406 450 429 429 425 371 381 382 382 372 372 372 378 378
1120 1221 1396 1518 1437 1501 1446 1328 1328 1223 1287 1414 1478 1478 1364 1397 1224 1083 1083 976 923 870 767 767 685 606 555 555 634 742 801 702 702 656 692 753 723 723 650 661 717 757 757 842 932 772 715 715 612 564 586 586 560 531 500 505 505 504 479 485 417 417 395 382 432 468 489 405 365 405 405 470 500 365 362 362 406 438 462 397 397 367 364 377 372 372 372 385 391 391
1176 1309 1427 1518 1518 1633 1518 1381 1305 1305 1428 1544 1552 1502 1502 1381 1183 1079 1079 977 946 840 750 767 639 555 634 667 667 764 808 754 637 637 692 731 700 633 633 657 707 758 758 836 932 795 695 695 602 638 657 610 610 546 500 481 506 506 434 418 393 393 382 382 432 468 468 398 365 414 399 399 389 383 362 362 362 404 399 367 367 363 364 363 346 372 388 384 387 402
1198 1309 1427 1568 1639 1639 1522 1433 1369 1369 1477 1559 1552 1568 1568 1383 1296 1249 1125 1125 940 848 750 680 680 638 555 609 735 735 692 706 637 637 659 664 631 630 630 675 727 772 907 836 940 844 742 668 668 721 764 690 690 546 500 469 488 488 461 435 382 382 382 382 390 398 374 374 365 377 369 369 379 362 362 398 398 378 361 361 379 379 362 346 346 409 409 359 374 378
1198 1310 1451 1526 1656 1656 1595 1461 1457 1507 1507 1559 1636 1663 1551 1551 1509 1396 1187 1083 1083 848 808 738 738 588 539 603 645 645 585 706 624 622 622 631 608 639 696 696 742 806 907 907 992 845 824 796 796 759 706 619 603 603 514 479 465 545 545 447 398 382 382 382 382 416 413 413 370 365 370 391 379 362 382 362 386 386 372 367 361 361 364 346 366 390 390 352 377 383
1219 1219 1320 1465 1606 1503 1503 1506 1511 1490 1537 1537 1603 1601 1531 1531 1491 1417 1282 1170 1083 1016 917 817 695 695 587 519 551 518 585 646 601 540 540 606 647 711 743 743 773 806 892 1033 1033 1031 884 838 802 802 734 619 562 562 491 465 475 439 439 415 390 382 382 382 382 394 392 392 392 401 365 391 391 381 384 360 390 390 372 342 351 374 364 346 346 345 345 345 407 373
1131 1267 1267 1397 1500 1433 1433 1407 1511 1490 1504 1504 1556 1458 1362 1345 1345 1344 1229 1170 1044 1044 924 786 714 714 634 576 518 518 518 559 510 510 567 567 648 610 754 773 773 818 922 1090 1090 1086 1040 957 922 922 734 661 577 528 528 481 423 423 423 423 390 383 417 417 382 408 403 408 408 401 365 365 366 366 384 360 360 347 347 331 332 374 374 346 402 354 359 359 345 359
1110 1212 1212 1341 1431 1372 1351 1407 1403 1472 1489 1395 1395 1321 1246 1138 1138 1175 1229 1109 941 941 876 772 719 625 625 545 518 523 510 510 559 546 510 510 528 609 754 759 759 825 940 1090 1051 1051 972 875 813 866 866 800 673 542 542 478 423 459 423 423 393 432 453 387 387 382 382 382 382 401 398 365 360 360 360 386 388 362 362 331 332 339 347 347 373 343 331 355 355 337
1207 1312 1455 1455 1447 1356 1351 1351 1460 1470 1391 1273 1273 1156 1127 1064 1007 1175 1088 988 873 790 790 741 696 621 621 545 592 569 529 529 655 587 478 550 550 609 763 760 828 828 944 1049 1115 1115 1057 875 813 759 759 732 610 483 448 448 484 555 423 492 492 556 543 407 407 382 382 382 382 382 405 393 445 392 392 378 341 354 350 350 331 331 332 332 331 331 331 343 343 337
1394 1452 1506 1506 1418 1356 1291 1344 1344 1303 1193 1155 1041 1041 923 1064 1007 1007 990 902 882 802 802 689 671 650 624 624 638 541 576 686 686 631 500 473 550 665 719 710 795 795 916 1068 1007 1002 1057 921 811 699 622 622 545 526 503 503 577 555 578 623 623 522 436 420 409 409 382 382 411 400 400 465 458 442 442 411 341 354 346 346 350 334 331 331 331 331 331 343 344 344
1452 1434 1474 1506 1418 1430 1354 1252 1252 1195 1063 1010 941 941 923 952 892 829 829 797 745 743 681 681 636 650 651 651 637 565 541 649 649 648 531 473 573 573 663 753 824 959 959 980 857 1002 1002 888 758 695 617 617 596 558 527 507 577 630 615 574 475 475 401 385 382 382 382 382 426 462 462 441 412 378 398 398 341 341 351 338 338 331 331 331 331 331 331 331 334 334
1433 1436 1455 1506 1506 1478 1385 1223 1063 1063 1006 844 806 817 817 837 791 753 753 697 687 698 700 700 636 673 649 607 607 587 594 679 590 590 531 455 510 510 605 687 801 931 931 965 857 911 807 807 689 619 599 556 556 539 527 507 507 497 555 475 441 441 413 384 382 382 382 382 384 432 431 431 458 378 378 341 341 406 348 340 340 331 331 331 331 331 331 333 331 332
1459 1428 1455 1425 1394 1394 1446 1262 1085 1085 945 905 806 761 761 760 760 715 715 715 682 682 700 622 622 619 608 587 587 587 587 615 548 590 507 455 517 553 553 576 764 883 824 965 798 757 766 766 694 613 575 565 565 539 484 446 449 449 427 440 395 382 382 390 382 382 413 413 382 440 415 415 378 423 378 341 341 343 349 333 331 331 331 331 331 332 332 334 331 336
1451 1428 1456 1389 1323 1323 1244 1221 1085 1133 1133 905 998 875 807 807 777 813 817 817 724 682 705 639 639 601 613 610 593 593 587 616 548 506 506 458 455 465 465 520 684 886 824 824 727 682 688 646 646 629 602 587 531 531 504 456 424 407 407 408 391 386 382 390 382 386 398 398 382 382 401 378 378 423 375 341 371 371 332 335 331 331 331 331 331 331 331 331 331 331
1428 1428 1477 1262 1116 1134 1134 1131 1207 1142 1133 1024 1061 1013 897 897 838 931 890 789 724 661 661 625 601 601 635 593 606 606 587 616 536 565 565 505 455 455 498 498 672 886 801 612 612 578 604 597 615 615 553 587 513 513 494 439 424 389 389 389 420 386 382 382 382 382 382 382 382 396 414 378 378 404 370 341 356 356 338 331 331 331 331 331 331 331 331 331 334 331
1426 1426 1456 1236 1063 995 995 1034 1014 1142 1129 1129 1109 1012 934 1023 1023 1038 957 789 789 679 672 642 614 614 601 595 647 622 622 600 592 528 471 471 460 455 480 664 672 770 699 563 563 479 502 574 529 529 553 500 472 465 465 406 389 400 392 392 420 401 488 488 382 392 382 395 395 378 378 378 427 427 408 341 376 333 333 331 331 331 331 331 331 331 331 331 331 333
1358 1354 1354 1251 1047 927 927 927 1014 1012 1045 1045 1025 990 1062 1107 1107 1222 957 786 722 722 773 687 637 607 607 647 647 642 588 588 542 527 490 490 455 455 457 664 664 672 582 461 449 449 486 518 490 498 498 463 420 389 389 389 397 419 463 392 447 384 409 391 391 389 389 399 398 378 378 391 418 418 421 422 333 357 357 339 331 331 331 331 331 331 331 336 336 331
1229 1245 1245 1196 1067 969 927 927 944 912 929 922 922 960 1028 1090 1214 1222 1072 865 796 789 789 767 653 618 618 647 700 644 569 569 514 494 497 455 455 455 457 583 563 563 497 441 413 413 434 522 490 442 442 435 389 389 399 399 428 400 463 384 384 384 387 396 396 431 411 392 398 398 378 412 440 411 411 392 394 366 331 339 331 331 331 331 331 331 331 331 331 331
1198 1121 1042 1042 976 969 855 823 823 843 827 869 984 984 980 973 1214 1214 1070 894 812 836 836 748 657 656 702 702 696 656 619 564 564 512 455 455 455 455 457 556 470 470 432 421 413 479 479 522 471 424 389 389 405 394 416 416 409 400 423 386 386 384 394 388 397 397 457 392 386 379 379 385 458 443 443 368 352 366 331 331 348 331 332 336 336 331 331 331 331 331
1226 1078 910 910 976 979 906 787 787 790 848 993 1060 1060 897 973 1101 974 974 884 887 825 716 716 686 656 752 752 640 618 580 505 505 490 455 455 455 455 455 569 453 413 413 413 424 425 479 476 428 412 389 389 453 388 385 398 409 386 377 367 384 384 457 392 398 398 457 469 393 390 390 372 372 465 389 389 352 331 331 339 339 340 331 331 331 331 331 331 334 334
1276 1176 1020 910 910 938 867 748 744 744 842 996 1015 897 897 934 890 1013 1013 968 913 881 804 804 686 768 681 607 607 611 582 500 500 500 455 477 467 467 455 467 427 413 413 413 424 425 405 405 386 397 401 389 389 412 371 398 398 377 442 367 369 369 405 381 366 416 416 457 440 446 372 372 426 401 435 389 331 331 360 375 375 387 355 331 346 331 331 331 333 331
1239 1211 1020 834 816 816 847 803 693 693 739 865 1015 847 847 820 808 930 874 874 838 920 884 777 777 790 694 616 616 566 538 500 509 500 486 517 526 542 542 455 470 506 475 413 429 374 388 388 379 390 380 360 360 399 371 371 376 376 364 387 362 368 368 395 366 409 409 404 422 396 372 372 392 424 435 354 354 331 331 341 341 341 344 331 346 331 331 342 331 338
1262 1211 1105 956 815 815 734 733 689 692 692 865 945 811 736 736 771 816 792 792 769 784 884 864 864 788 668 610 576 576 543 525 509 556 556 579 596 666 666 684 610 636 475 475 405 372 379 374 374 385 362 360 399 399 374 383 366 366 339 394 364 348 348 395 366 392 397 397 388 423 410 342 342 424 412 399 331 331 331 368 342 342 341 331 341 356 356 352 332 341
1169 1169 1118 1117 931 784 784 674 677 702 692 800 828 766 689 689 757 746 744 722 769 784 781 789 730 730 642 635 612 612 563 525 556 614 614 701 723 771 882 882 797 636 508 422 422 361 360 357 357 392 360 360 372 372 369 390 355 355 355 339 357 348 349 349 380 386 412 369 369 373 361 326 342 375 392 331 351 351 331 387 362 393 341 360 385 348 364 364 387 384
1135 1135 1110 1117 917 789 789 714 647 702 754 754 759 719 670 683 683 751 733 722 722 700 700 763 679 679 679 639 605 603 563 568 626 733 807 807 939 909 821 821 797 682 553 442 442 405 463 357 365 365 360 360 363 356 356 365 360 370 339 339 357 348 348 348 348 378 368 398 398 375 326 326 378 378 369 328 352 392 392 368 398 393 393 350 398 404 394 394 420 417
1103 1166 1166 1110 926 809 741 741 647 615 639 639 696 688 600 676 676 787 733 709 650 650 656 734 647 640 640 572 605 603 603 631 691 856 989 989 950 832 755 713 713 614 530 422 453 453 428 424 355 383 383 362 360 356 356 356 355 376 368 339 339 349 368 355 355 374 346 338 344 344 326 336 326 326 339 321 361 350 350 358 398 336 350 350 437 426 427 415 415 428
1048 1146 1146 1135 957 860 841 741 685 599 599 604 604 646 592 625 757 787 738 676 603 603 603 678 610 556 556 572 602 640 738 738 839 991 936 825 825 751 755 679 595 595 508 426 372 372 380 364 355 369 369 368 356 360 368 368 338 342 368 339 339 341 338 340 340 340 337 335 361 344 371 343 321 322 322 321 337 329 329 358 341 336 451 451 456 434 447 433 433 428
1079 1186 1116 1116 945 871 841 737 737 647 633 590 590 598 583 614 757 757 684 642 566 604 604 615 560 509 556 556 610 703 816 1045 1045 1046 935 763 763 751 648 589 587 587 449 408 385 348 348 364 349 384 364 364 377 365 352 352 338 342 359 337 337 359 368 338 336 336 321 335 361 338 338 330 321 321 321 321 329 329 329 329 357 336 383 465 465 456 351 338 321 321
1173 1190 1015 1015 945 871 821 781 781 670 626 646 568 568 544 614 732 664 664 632 534 567 567 562 509 509 553 553 607 719 908 922 922 871 854 763 658 658 583 500 462 419 419 376 354 344 348 346 369 378 361 361 382 380 341 333 338 335 351 337 341 341 363 353 329 329 321 321 342 332 332 328 347 326 321 321 341 329 347 336 336 347 387 321 321 321 321 338 321 321
1218 1140 978 916 916 850 807 801 756 756 704 637 631 631 544 566 620 630 630 628 537 522 561 561 509 517 568 629 629 796 837 784 770 770 854 765 670 670 652 550 463 430 430 399 375 344 344 344 352 353 359 357 357 368 347 333 333 344 347 341 322 322 348 329 338 331 331 321 321 341 337 337 337 334 321 321 341 384 377 337 337 354 408 336 332 332 321 321 321 321
965 1025 978 905 905 841 781 800 810 810 788 700 644 562 562 534 600 593 606 606 554 499 509 509 509 510 573 630 630 782 765 696 667 770 689 669 673 528 528 496 450 436 415 415 375 364 355 355 343 337 337 339 339 348 347 342 333 333 324 336 331 322 322 328 338 321 321 321 321 327 331 331 355 354 321 336 336 340 349 339 353 353 352 329 325 327 327 321 321 329
885 1025 927 854 799 799 786 759 767 807 807 700 644 569 556 556 534 534 550 550 564 472 509 514 514 567 556 641 687 687 681 653 667 641 641 627 549 490 490 455 476 467 415 415 401 388 382 366 366 356 337 348 370 348 347 352 329 329 324 324 324 321 321 328 335 329 321 321 321 321 321 363 363 354 340 321 338 338 350 333 333 333 332 329 325 323 323 321 321 321
923 923 932 841 778 778 738 722 762 777 807 731 675 624 640 640 599 549 491 519 519 472 490 514 539 539 537 620 638 638 594 653 595 570 570 530 456 453 460 460 440 467 445 436 436 405 403 397 397 376 355 337 370 370 362 364 364 376 376 349 330 321 344 344 340 340 333 333 321 321 321 321 363 321 321 333 341 341 347 336 321 326 332 321 324 321 321 321 321 321
941 941 971 866 849 796 796 741 704 777 735 735 710 683 658 582 582 547 521 491 519 485 472 472 474 474 489 546 603 568 594 590 516 482 444 444 423 414 419 419 440 442 443 438 438 435 413 374 379 379 355 337 365 348 348 391 371 390 390 359 360 321 321 321 321 321 326 327 327 321 321 321 321 321 343 358 350 324 324 332 321 326 326 321 321 321 321 321 321 321
858 979 979 882 804 802 738 738 704 684 689 689 750 706 609 591 591 597 521 491 472 472 489 472 472 472 472 563 593 568 568 523 449 460 505 505 437 419 414 425 425 434 430 410 382 382 362 340 362 379 375 334 328 356 356 386 406 390 379 379 360 333 333 322 322 321 325 321 321 321 321 321 321 321 330 348 353 343 343 321 321 321 321 321 321 321 321 321 321 330
797 889 889 912 817 837 780 738 670 633 632 696 696 684 644 578 545 597 570 506 503 503 539 488 472 472 472 555 593 528 451 451 432 447 498 460 460 433 414 384 384 417 423 416 403 403 376 340 362 357 357 328 334 366 406 406 402 405 379 392 392 341 355 321 321 321 321 345 321 321 321 321 321 357 357 337 344 356 323 321 321 321 321 321 321 321 321 321 321 330
803 911 866 866 871 828 780 752 752 636 617 597 597 642 688 636 545 545 561 531 532 514 514 479 472 472 555 555 521 438 396 396 410 430 479 454 454 433 431 380 415 415 402 405 386 362 362 340 349 328 328 328 359 379 395 395 381 405 396 394 394 377 335 346 366 366 355 321 321 351 351 321 321 321 321 325 348 342 323 323 331 321 321 321 321 321 321 353 321 321
799 862 941 941 933 828 780 773 773 695 680 618 591 591 679 636 570 518 518 520 504 549 549 550 533 472 412 412 431 396 433 418 418 396 429 431 403 403 382 380 389 389 418 411 409 408 362 370 334 328 328 328 375 380 358 370 381 374 401 394 397 397 373 391 382 382 360 321 327 351 351 396 348 321 321 321 328 342 324 341 341 321 321 321 321 321 349 353 343 343
807 896 914 816 933 847 795 730 671 671 631 561 608 608 679 683 590 570 570 518 484 524 504 504 533 527 436 396 396 396 451 378 378 384 440 431 419 419 437 396 380 380 380 416 410 408 394 394 329 328 350 352 352 359 358 370 370 398 369 389 404 404 441 416 412 360 360 328 399 381 396 396 405 355 321 321 328 338 321 331 331 321 321 329 331 331 349 343 378 416
902 848 914 816 816 806 798 723 636 636 603 616 558 611 611 629 607 608 554 554 492 479 500 504 507 463 401 421 421 397 392 405 373 384 440 418 424 428 428 432 380 381 394 394 410 405 387 387 372 328 328 328 328 337 358 391 378 378 350 353 402 403 403 404 412 402 402 356 368 401 395 395 367 321 331 321 321 321 321 321 321 321 342 334 355 331 381 343 384 415
