example_data/dem_fill.txt
ncols         457
nrows         455
xllcorner     116.50864690785
yllcorner     26.34160728922
cellsize      0.002015441643
NODATA_value  -9999
[rows 240 to 279 of 455, columns 90 to 179 of 457]
612 612 540 490 455 455 437 461 444 448 448 480 409 426 429 429 445 450 468 472 472 485 483 456 476 476 503 500 537 537 542 564 611 605 605 542 468 477 382 382 419 389 439 484 484 577 528 496 551 551 585 590 511 450 450 447 400 352 352 390 426 395 391 391 410 340 322 357 357 322 322 322 322 322 329 339 365 367 367 362 417 473 473 486 509 557 597 597 581 614
593 593 539 502 486 494 494 457 501 498 529 529 459 409 403 445 445 475 499 501 501 489 483 453 478 478 503 518 510 524 524 551 605 611 541 541 525 477 417 365 365 400 451 535 535 611 533 496 531 531 537 576 553 474 474 394 374 352 407 407 433 414 379 342 342 324 322 322 322 322 322 334 334 334 332 364 363 362 362 362 421 485 523 523 554 550 628 617 617 614
530 472 472 494 486 466 466 481 549 565 533 533 452 403 403 434 434 450 508 483 488 488 459 459 453 481 481 492 486 490 502 502 546 615 575 575 525 456 413 355 355 383 450 534 576 576 533 480 483 512 512 534 512 444 372 372 352 352 415 415 403 397 393 360 360 341 322 322 322 322 326 337 356 346 346 352 366 390 402 402 384 487 554 554 593 563 626 662 617 672
471 438 438 494 477 473 522 522 575 541 508 462 462 403 438 406 467 467 515 470 463 463 476 453 453 472 472 477 469 483 518 518 566 642 575 565 565 473 483 397 351 351 389 479 493 576 536 508 436 496 496 531 447 397 371 371 352 343 383 352 352 354 330 357 383 383 322 322 324 329 329 340 382 363 363 384 406 390 426 426 471 464 518 545 545 634 660 662 711 711
422 438 438 438 496 502 495 495 492 550 542 504 462 403 445 473 482 482 497 466 453 468 468 453 454 460 469 469 464 478 514 536 536 642 639 583 583 531 490 411 355 355 351 398 493 579 579 505 450 436 490 490 454 413 371 343 343 343 355 344 344 329 326 323 365 383 334 322 322 322 322 340 366 392 394 394 406 457 465 519 519 506 530 605 605 704 660 716 729 729
422 448 485 485 507 484 473 446 446 467 530 504 413 413 387 444 459 449 449 440 451 468 468 453 453 453 453 453 501 512 503 557 536 606 623 561 480 480 480 432 394 345 345 398 455 557 557 519 460 412 390 390 398 413 343 343 343 366 343 358 326 326 345 322 365 333 333 322 322 326 343 343 381 425 394 394 416 465 497 546 546 575 596 598 688 704 677 748 855 928
418 455 493 474 474 444 443 431 431 450 530 500 474 474 425 387 387 385 385 425 451 444 453 453 476 453 471 514 514 549 559 557 605 605 561 533 451 451 415 429 447 384 345 359 471 553 522 522 475 413 445 356 398 378 343 422 343 343 343 343 363 363 377 322 342 322 322 322 322 362 348 348 378 425 408 447 447 465 489 514 601 601 654 700 688 753 753 744 857 921
425 462 474 446 446 440 415 433 457 450 508 515 528 451 451 398 407 383 383 425 445 383 411 411 486 487 485 484 484 522 559 605 627 627 549 503 506 451 451 388 447 384 345 345 458 482 482 474 474 514 436 356 356 343 368 446 391 391 343 386 405 379 377 328 322 322 322 322 337 355 366 377 378 411 456 447 447 481 532 563 638 638 666 700 709 779 779 822 855 906
434 455 456 400 400 400 389 433 457 457 507 496 495 495 495 437 444 405 383 383 383 436 435 473 473 489 450 458 465 522 544 595 648 588 588 515 452 471 471 388 403 345 366 366 481 436 409 475 475 478 436 384 343 343 361 453 408 343 343 364 405 379 379 341 322 322 322 322 331 351 382 377 377 413 418 459 475 475 519 592 612 666 666 720 773 824 861 861 975 1032
449 433 439 400 420 420 389 378 403 492 492 490 458 494 426 426 395 405 383 426 426 459 470 405 405 425 459 396 465 465 490 550 561 645 645 565 482 425 429 429 388 345 361 416 416 394 352 400 385 478 376 343 360 360 399 457 393 352 352 364 387 369 333 333 328 327 322 328 328 358 382 386 389 389 415 446 476 476 519 564 612 703 703 780 725 794 894 894 984 1070
435 435 421 400 407 372 372 404 372 415 415 463 455 462 425 425 395 383 431 467 467 502 459 406 365 365 459 396 404 453 453 471 542 614 551 551 454 425 403 403 369 398 345 343 343 374 380 348 385 385 343 346 427 449 449 440 387 339 347 347 372 350 352 328 328 345 340 334 334 358 408 416 416 416 436 450 473 504 504 564 646 724 859 859 787 806 876 957 957 1022
411 411 413 400 407 386 386 372 400 372 397 397 446 407 387 403 403 383 409 429 434 434 407 396 365 365 394 409 483 535 535 526 576 641 511 511 454 409 433 408 408 343 343 351 385 385 380 348 343 343 343 372 469 495 495 417 367 339 363 363 339 339 339 352 352 376 355 356 361 361 395 395 406 416 416 437 472 528 504 549 617 736 908 908 922 883 891 929 929 1022
415 411 411 400 459 430 448 448 463 394 372 431 431 407 387 400 400 383 383 391 445 445 393 365 365 375 375 430 465 519 600 600 636 630 511 467 467 429 402 393 393 365 360 343 362 385 346 343 361 396 396 466 520 440 381 381 367 339 339 339 339 339 339 339 350 350 355 356 358 358 372 384 396 409 409 432 482 528 640 640 586 622 736 829 829 971 991 929 999 999
459 447 411 400 427 492 471 471 396 369 390 407 431 432 383 383 383 383 383 383 408 365 365 365 365 389 389 429 470 478 555 555 613 549 511 408 408 404 395 365 371 371 343 343 362 343 343 361 380 470 492 492 475 418 414 381 383 339 339 339 339 339 343 346 366 350 394 366 373 366 366 383 400 420 464 464 482 588 662 662 742 662 688 792 792 973 991 1010 1048 1048
459 447 409 409 419 487 490 446 446 444 369 407 430 430 383 410 423 423 420 425 393 387 365 381 365 365 378 378 447 512 554 511 613 549 476 386 365 365 365 365 365 365 343 343 344 343 343 453 446 490 472 472 437 401 414 339 339 339 339 339 339 339 366 393 366 394 394 412 384 378 378 412 440 464 507 464 536 637 767 844 844 773 705 775 849 973 1054 1129 1155 1244
468 465 458 458 473 518 555 520 520 465 369 369 453 453 383 411 421 412 412 447 375 387 365 365 365 365 365 457 457 442 441 511 511 462 449 381 365 365 365 365 365 382 343 344 343 391 461 461 509 499 455 384 437 401 366 344 344 339 339 339 339 339 354 393 399 412 412 397 425 397 428 428 431 464 507 579 579 658 770 912 907 907 876 818 849 849 968 1049 1177 1171
452 487 489 525 525 469 498 487 443 465 369 418 385 383 383 420 384 390 390 447 375 365 365 365 365 373 365 416 416 439 441 405 398 398 405 377 384 365 365 365 365 382 382 343 345 409 442 442 493 486 405 384 384 350 350 348 339 339 339 339 339 339 354 403 380 382 411 411 378 398 407 407 431 521 572 589 589 675 793 904 1017 1017 1045 818 862 860 860 926 1001 1053
487 474 437 477 477 451 415 421 443 443 369 369 380 365 365 384 382 373 408 408 409 372 365 381 381 386 365 416 444 439 382 367 365 365 365 365 365 365 365 365 365 400 442 442 367 372 434 476 476 429 405 381 374 374 341 340 339 339 345 339 339 339 339 360 354 390 374 374 375 374 424 453 453 537 588 649 686 686 783 914 1048 1139 1045 1001 960 980 980 981 1071 1146
454 423 411 406 445 445 415 421 381 415 415 381 369 387 365 365 365 373 365 365 372 365 365 365 365 379 365 370 444 444 365 365 365 365 365 365 365 365 369 369 365 402 465 410 410 398 441 484 484 429 357 363 339 339 339 339 339 375 375 339 339 339 341 341 340 339 346 366 366 417 424 496 496 575 617 717 809 809 802 919 1019 1139 1139 1204 1188 1085 1029 1029 1076 1133
439 439 406 409 391 445 391 414 391 381 381 394 438 366 382 382 365 365 368 365 365 365 365 365 389 389 365 370 365 365 365 365 365 365 365 365 365 365 365 365 404 378 434 415 415 490 459 468 393 393 381 346 355 355 355 339 378 364 375 339 339 339 339 339 339 344 373 383 383 417 465 519 615 615 679 748 777 844 844 919 1019 1145 1250 1250 1290 1152 1109 1109 1100 1150
406 406 451 477 391 391 391 391 420 441 474 474 448 365 365 365 365 365 409 377 377 365 382 375 438 389 365 365 372 365 365 375 365 365 365 365 365 365 366 433 433 417 381 457 507 507 505 468 389 389 368 374 395 354 354 352 392 364 339 339 339 339 339 339 339 350 386 397 437 437 490 529 590 590 618 668 733 859 844 937 1048 1145 1250 1250 1313 1239 1213 1150 1150 1150
414 482 482 477 475 391 391 419 391 484 483 483 434 399 365 365 365 365 393 368 365 365 417 461 438 406 406 408 365 365 395 395 382 365 365 365 365 371 365 365 365 365 435 542 525 507 505 398 393 391 391 423 383 375 370 370 392 380 357 344 344 339 339 339 339 339 404 397 436 436 491 514 556 643 643 690 806 859 936 936 1096 1255 1295 1318 1318 1399 1284 1262 1150 1269
431 499 482 500 484 419 504 504 391 441 521 449 434 399 378 370 405 405 397 365 382 382 411 461 471 445 445 390 367 365 385 385 371 365 365 365 365 415 365 365 384 384 408 505 525 461 461 428 444 402 402 424 399 409 455 370 410 345 339 339 339 339 339 339 339 339 404 430 497 486 486 534 612 693 693 769 806 868 950 950 1108 1237 1173 1248 1248 1301 1438 1262 1309 1309
477 499 500 500 473 494 561 561 468 466 523 449 449 419 448 430 454 454 405 373 395 427 411 450 503 491 408 408 374 403 387 365 365 365 365 365 365 371 406 383 398 398 446 505 512 486 486 462 502 488 445 445 489 470 455 406 406 373 339 342 351 351 345 364 339 339 473 523 535 549 549 575 639 702 731 769 829 871 967 1130 1130 1132 1136 1184 1319 1301 1438 1436 1487 1487
477 526 540 540 502 500 589 565 565 466 523 519 432 432 424 457 426 406 406 373 375 427 427 457 448 423 417 417 422 385 374 365 365 365 368 380 373 373 391 379 385 414 446 468 485 530 557 557 565 608 597 597 563 470 513 471 471 390 339 342 352 352 348 364 379 450 450 448 449 535 620 620 650 691 731 806 806 877 971 1100 1100 1034 1065 1167 1319 1319 1504 1516 1475 1390
526 560 586 510 510 528 603 632 632 466 536 575 501 501 435 411 392 394 394 373 375 388 425 425 386 389 405 389 389 367 374 365 367 367 428 442 373 373 379 379 410 414 414 427 466 562 673 673 672 685 617 563 563 617 647 546 458 458 339 339 341 354 348 368 348 392 392 394 428 465 555 555 668 691 775 855 855 933 1015 997 981 981 1081 1167 1334 1482 1482 1453 1374 1329
488 567 600 524 524 510 526 649 511 511 505 558 524 445 445 416 423 381 373 373 374 380 373 373 380 379 385 386 386 367 365 365 404 404 472 389 394 437 437 403 410 434 465 465 544 655 758 733 733 636 617 623 623 674 690 638 490 490 369 339 339 354 354 348 413 470 536 536 518 491 557 668 668 796 845 889 960 960 988 905 971 971 1081 1243 1387 1405 1405 1362 1329 1231
491 559 637 551 542 542 537 649 564 500 500 501 512 429 429 413 401 381 373 373 373 373 373 373 373 386 414 391 381 381 365 370 401 472 472 389 389 449 449 403 414 464 576 576 652 795 833 767 767 636 584 609 705 705 660 642 602 477 477 357 339 339 349 349 401 440 535 535 553 495 557 658 658 721 815 886 916 916 905 871 923 1094 1094 1194 1334 1363 1276 1276 1228 1248
482 520 605 611 537 537 537 599 574 527 527 500 520 432 406 406 401 429 391 373 373 394 381 373 373 373 375 391 397 397 372 370 402 487 487 397 418 449 456 456 436 498 588 663 663 787 739 730 601 601 562 637 627 627 570 547 495 403 403 357 339 339 385 385 473 516 526 539 539 495 533 613 720 720 753 793 838 817 817 827 923 992 992 1082 1170 1276 1221 1221 1191 1260
563 563 593 641 537 561 561 615 631 536 535 535 487 419 422 406 411 398 374 373 373 420 373 400 373 373 375 383 409 386 386 391 405 459 397 397 418 475 532 532 458 580 561 644 644 741 647 730 625 625 562 639 573 511 511 432 404 403 346 346 339 345 370 434 434 464 556 582 539 540 566 676 729 729 754 808 793 793 793 827 902 927 1002 1002 1097 1189 1117 1191 1191 1260
518 518 554 641 572 553 553 605 631 569 567 567 459 410 422 402 402 416 373 401 420 420 381 455 377 387 387 375 378 391 391 401 416 455 423 397 476 531 475 540 540 571 549 657 652 652 647 670 521 580 580 562 458 431 431 363 404 339 339 339 339 371 410 450 450 454 516 582 576 576 626 654 694 716 716 824 867 793 876 876 966 943 985 985 1021 1074 1173 1206 1191 1244
504 561 554 631 608 605 650 650 629 552 474 451 451 410 402 402 402 412 420 424 402 402 461 455 377 420 420 375 375 375 378 378 382 429 423 498 498 540 546 603 553 553 535 635 623 652 602 598 527 502 502 467 366 360 344 363 339 339 339 346 346 352 373 415 461 461 516 591 546 546 568 635 707 748 748 844 867 839 900 900 1047 1131 1089 1161 1161 1171 1217 1206 1272 1272
509 561 561 646 663 629 634 634 534 513 466 440 451 413 410 465 438 438 466 482 440 530 461 471 410 448 404 404 380 375 375 375 386 429 468 543 543 573 561 593 551 551 535 635 623 515 515 531 484 404 384 384 356 339 344 339 339 339 339 368 368 353 364 408 408 461 526 543 482 564 564 610 700 732 841 844 906 927 981 1124 1124 1203 1179 1214 1214 1319 1217 1276 1280 1280
509 543 571 571 591 696 656 546 546 477 466 440 438 438 444 508 500 500 524 507 506 530 530 529 426 459 424 424 389 378 388 375 386 435 415 452 496 496 574 576 535 535 535 606 563 482 482 452 416 370 351 351 339 339 339 339 339 339 345 375 361 361 437 408 408 427 427 470 470 570 631 631 684 741 841 841 897 964 1096 1165 1165 1188 1240 1296 1319 1319 1304 1256 1237 1166
494 488 547 547 591 574 579 508 508 477 456 498 517 517 517 515 591 625 625 563 506 528 565 565 477 511 443 427 427 393 376 375 375 406 382 425 433 433 598 538 546 535 535 587 509 449 428 428 386 358 351 385 339 339 339 339 348 348 386 397 382 382 437 464 505 508 508 499 470 495 575 575 654 741 824 906 906 1039 1087 1100 1161 1161 1236 1296 1351 1211 1211 1182 1154 1053
466 501 513 514 514 538 529 597 565 565 553 536 564 577 577 558 618 564 564 563 565 538 606 606 569 527 462 436 436 393 376 375 376 376 443 453 452 568 568 507 546 494 535 535 503 412 389 389 371 351 378 385 385 339 339 357 346 346 357 367 440 426 426 446 474 538 521 521 486 517 599 676 654 757 863 965 965 1036 1024 1045 1169 1169 1236 1251 1232 1163 1163 1059 1041 987
510 477 508 512 512 524 564 597 606 606 587 531 542 545 545 552 595 541 556 556 599 575 536 535 535 468 437 425 431 431 399 375 391 391 417 518 489 564 564 507 482 466 496 496 432 369 364 347 347 351 378 354 343 343 339 346 366 346 346 348 440 471 471 510 533 551 535 535 541 547 599 676 676 742 824 924 972 972 920 986 1119 1195 1195 1172 1133 1087 1029 1029 951 902
504 484 521 528 597 597 564 630 588 555 555 546 530 509 523 523 595 541 520 520 533 534 535 496 496 449 426 425 387 387 375 375 399 453 453 518 490 589 580 580 585 446 459 405 405 357 343 373 347 370 345 346 339 339 339 342 364 371 371 348 393 463 465 465 516 524 556 590 590 547 601 722 833 833 910 881 852 852 880 1006 1119 1164 1164 1134 1060 955 942 942 943 896
485 485 509 578 643 597 631 610 634 582 582 532 524 504 499 523 547 546 515 474 474 487 533 485 414 414 426 406 406 375 375 385 448 426 426 522 474 589 595 595 551 536 401 407 407 358 339 373 362 362 339 339 339 339 339 356 362 363 360 360 447 468 506 506 524 535 556 581 590 625 691 737 706 706 783 784 816 888 888 1006 1148 1137 1085 1085 983 906 890 874 874 896
516 516 528 578 643 693 693 718 623 592 591 591 570 543 499 509 509 528 563 540 540 460 491 441 432 414 411 385 401 402 402 375 446 421 474 522 474 565 611 567 567 476 413 367 360 360 339 339 339 339 339 339 349 350 350 346 362 363 392 392 444 444 507 529 529 541 515 581 614 614 659 678 650 744 744 779 828 959 888 992 1101 1102 1029 1029 943 940 917 867 874 848
