example_data/fac.txt
ncols         457
nrows         455
xllcorner     116.50864690785
yllcorner     26.34160728922
cellsize      0.002015441643
NODATA_value  -9999
[rows 112 to 167 of 455, columns 288 to 383 of 457]
2 0 0 0 0 0 1400 0 0 8 9 17 26 55 57 0 17 1 0 1 0 8 8 0 0 1 0 0 0 0 1 2 0 0 1 3 5 6 137 1338 2 1 0 4 0 2 5 0 0 0 2 4 0 2 5 12 17 0 0 4 24 0 0 3 13 0 23 4 0 148 0 3 2 0 0 0 1 0 0 0 5 1065 0 2 8 3 19 0 0 6 8 13 0 0 0 0
0 0 0 0 1 0 0 1401 0 3 1 0 3 24 0 0 9 3 1 0 0 5 0 7 0 0 3 0 3 0 0 1 5 7 0 1 21 136 0 0 1344 0 1 18 12 7 0 0 0 4 0 0 5 0 0 1 2 22 0 6 26 0 0 2 0 16 0 29 0 149 6 0 1 0 0 0 0 0 0 1 8 1066 0 13 0 4 24 0 0 4 0 0 1 0 3 1
0 0 5 6 7 11 1416 0 0 0 0 0 1 22 0 6 0 0 0 0 0 1 1 6 0 1 0 6 7 13 0 1 2 12 0 18 0 113 0 0 1 1346 2 19 16 15 14 13 11 9 0 0 8 0 0 1 2 26 0 7 28 0 0 0 0 0 0 30 1 150 8 0 4 0 2 2 0 0 3 4 18 1090 1093 14 0 31 0 2 0 0 0 0 0 0 7 2
12 0 0 0 41 42 48 1466 0 0 0 0 0 6 14 0 5 4 2 0 0 0 0 4 0 0 0 0 1 16 0 0 0 0 16 0 109 0 0 1 0 1347 3 20 20 1 0 1 0 0 0 0 0 10 0 0 0 0 28 38 0 0 0 0 0 1 3 31 2 151 16 6 0 0 0 6 0 0 0 2 0 3 0 1110 1 35 0 0 0 0 0 1 0 0 0 9036
0 14 0 39 0 4 0 0 1470 0 3 0 0 4 6 5 4 1 0 0 0 0 0 0 0 0 0 1 2 12 31 32 34 0 0 104 107 0 1 4 6 1355 4 43 0 0 4 1 0 0 0 0 13 0 0 1 6 0 29 41 0 0 5 0 0 1 8 32 3 152 17 1 0 0 0 0 8 0 0 0 1 0 0 0 1150 0 1 0 0 0 4 2 1 0 1 9038
0 1 36 0 0 0 0 0 1509 6 0 0 1 0 3 1 0 0 0 0 1 1 0 0 1 3 4 7 8 0 1 0 23 59 103 0 0 1 2 9 11 12 1374 45 0 8 2 1 0 1 0 17 0 0 2 0 7 79 78 0 0 0 8 0 0 0 0 44 4 153 18 3 0 1 1 0 11 0 3 0 0 2 4 0 1153 1 0 0 1 0 0 12 0 0 3 9039
14 16 1 0 29 30 32 35 0 1518 0 0 0 0 0 0 0 1 0 1 0 4 0 5 0 1 1 0 2 3 4 19 1 0 38 2 0 1 4 0 0 8 11 1433 10 0 0 0 0 0 23 0 0 0 5 0 90 0 4 2 1 0 11 0 1 0 0 1 50 154 24 0 0 6 0 0 12 0 6 1 0 0 1 8 1156 1 0 3 0 0 0 14 0 1 0 9090
0 0 6 25 1 0 0 0 0 1519 3 1 0 0 2 0 3 0 0 0 2 6 20 18 0 0 0 0 0 1 10 0 0 36 0 1 0 0 0 0 5 1 1 1 1449 0 5 1 0 1 26 1 0 0 1 9 92 0 0 0 0 0 0 19 2 0 0 1 51 183 2 1 1 9 0 1 0 23 0 0 0 1 0 0 1172 5 0 0 6 1 0 16 0 2 9096 4
3 5 16 0 0 0 1 0 3 1528 3 2 0 0 0 10 1 0 0 3 0 32 0 8 1 0 0 1 0 6 0 0 33 1 0 0 2 0 0 2 0 0 0 0 0 1457 0 0 0 0 0 32 2 0 1 108 0 3 1 0 0 0 0 21 0 0 0 2 239 2 0 0 0 0 21 0 0 26 0 0 0 0 1179 1173 0 0 3 0 0 10 0 18 1 9101 0 0
0 0 14 0 1 0 0 2 1539 5 1 0 0 0 0 12 1 0 0 0 38 2 1 0 7 0 0 1 4 0 1 29 1 0 3 4 8 0 0 0 0 0 1 0 0 1460 1 0 0 2 39 0 0 0 0 1 109 5 0 0 0 2 0 0 24 0 1 245 1 0 0 0 2 3 1 22 0 28 0 0 3 4 1185 4 3 0 1 0 0 12 0 0 9129 4 3 2
11 13 0 1 4 0 24 1572 0 0 1 0 0 0 3 16 0 0 0 2 46 3 2 0 5 0 0 1 3 0 25 0 0 2 0 1 2 10 0 0 4 6 2 0 2 1462 0 0 0 0 42 0 0 1 0 0 110 10 3 0 0 4 1 26 0 0 250 0 0 0 0 0 0 0 0 0 25 30 0 0 0 0 2 1194 3 2 1 0 1 2 17 0 9131 0 0 10
0 0 6 7 12 21 0 0 1575 1 0 0 1 0 4 17 0 0 2 68 64 7 0 0 0 2 0 0 5 17 4 0 0 0 0 1 2 18 0 0 0 0 13 15 3 1464 0 1 4 5 55 0 5 3 0 3 131 0 0 0 3 12 0 0 27 30 252 0 0 4 0 1 0 0 0 2 26 31 0 1 3 0 0 0 1202 0 0 0 0 0 18 9162 28 0 15 0
2 4 0 3 0 1 0 3 1581 0 0 0 5 0 5 18 1 0 74 0 0 7 5 1 0 0 0 4 0 5 0 2 0 1 0 0 1 2 20 0 0 0 1 0 21 1465 1 0 0 0 4 64 0 0 0 2 0 133 0 0 0 0 13 1 0 286 0 0 0 7 0 0 4 1 0 1 34 67 69 0 1 1211 1205 1204 0 0 0 0 2 4 9183 0 0 25 0 1
0 0 0 0 0 0 1 0 1 1586 1 8 0 0 0 25 79 75 0 0 0 5 0 2 1 0 1 0 2 1 1 0 1 4 8 0 15 19 0 22 1 3 4 91 93 1583 3 0 0 1 0 0 66 0 0 0 0 135 0 0 0 17 2 0 0 1 292 294 296 306 0 0 6 3 0 0 0 0 0 70 1219 4 3 2 1 0 0 3 0 9193 3 0 4 0 1 0
0 0 1 0 1 2 3 0 0 0 1590 1621 0 0 1921 2029 0 1 0 3 0 0 3 2 1 0 0 0 0 0 0 0 1 1 3 13 0 1 23 70 0 0 1 85 0 0 1594 0 0 0 0 0 3 71 1 0 0 87 224 228 229 254 5 0 0 2 0 0 0 0 307 0 11 0 0 0 0 2 1 1293 1 0 6 5 1 0 0 5 9198 2 0 1 0 2 0 0
0 1 5 0 0 1 0 5 0 1 20 1 1911 1918 0 0 2030 19 16 10 9 8 7 2 1 0 0 0 1 2 3 0 0 0 0 0 0 0 21 0 71 77 80 1 0 3 0 1595 1 1 1 0 0 3 79 82 86 0 0 0 0 259 0 0 0 0 0 0 4 0 0 310 0 14 3 0 0 3 1308 11 10 9 1 0 2 0 0 9207 0 0 0 0 0 0 0 1
0 1 2 10 11 0 2 11 12 16 0 0 285 3 0 0 2053 0 2 1 0 0 0 3 2 1 0 0 0 1 2 5 0 0 0 6 13 17 1 0 4 0 0 0 0 1 0 1597 2 2 7 4 0 1 0 0 1 0 4 0 0 0 262 266 1 1 1 1 6 0 0 1 313 336 0 0 1 1314 0 5 3 2 1 0 0 0 1 9208 5 4 3 0 0 0 4 2
0 1 0 0 0 13 0 0 1 0 0 283 0 0 0 0 1 2062 1 0 0 8 5 4 1 0 1 1 0 1 0 4 12 0 3 0 2 2 0 0 0 0 0 0 1 0 0 0 1602 12 0 1 1 0 0 0 0 0 7 0 0 0 0 0 268 2 2 2 8 0 0 0 0 0 337 1 1325 7 6 0 0 2 1 0 0 0 2 9219 3 2 1 0 0 8 0 0
1 0 3 0 3 4 19 0 0 0 0 2 278 0 0 0 1 2066 0 1 9 0 0 0 0 0 6 0 0 0 2 0 14 0 0 0 0 1 0 0 0 0 1 0 1 5 7 8 1612 14 0 0 0 0 1 4 0 0 8 0 0 2 3 4 269 3 3 3 13 3 1 1 0 0 339 1331 2 1 0 0 7 2 1 0 0 2 10124 900 19 18 17 16 15 4 3 2
0 140 4 0 0 0 20 0 0 2 0 274 0 0 1 0 1 2085 15 14 1 1 1 0 0 0 7 0 1 0 2 6 0 27 28 29 0 0 0 1 0 2 2 0 0 0 1 0 1 1633 1 0 0 0 0 1722 1728 1731 11 0 0 0 0 5 270 4 4 20 1 0 3 0 1 0 1687 14 13 12 11 10 0 0 1 0 2 10131 0 0 878 877 876 875 874 873 872 802
135 1 148 1 0 3 25 1 0 7 265 1 5 0 3 0 0 2101 0 0 0 5 0 0 1 0 1 9 2 0 0 1 9 0 0 0 32 35 1 0 3 0 7 11 1 0 3 1 0 0 1635 0 1 0 1720 0 0 1733 12 0 0 2 4 6 271 5 27 0 0 0 5 0 0 1692 0 11195 11194 11193 11192 11191 11190 11189 11185 0 10135 0 0 0 5 4 3 2 1 0 1 66
0 0 0 151 0 1 0 28 0 0 256 0 4 0 1 10 11 12 2104 1 15 3 2 0 2 0 1 12 0 4 0 0 0 0 3 0 0 1 38 3 4 0 0 0 14 0 7 0 0 0 1636 0 0 1715 1 0 1 1750 0 0 3 0 5 7 272 6 12944 12915 12914 12913 12905 12904 12903 11208 11207 10 9 8 7 5 0 0 0 11184 0 0 17 16 8 7 6 5 4 2 0 0
0 1 2 176 177 180 188 219 0 255 0 0 3 0 2 0 0 0 2113 17 0 3 1 0 0 5 2 13 1 6 0 0 2 0 4 0 0 0 0 55 11 3 0 1 3 21 22 37 39 46 1685 0 0 1710 0 0 2 1754 0 0 0 6 6 8 273 12957 4 3 2 1 0 6 5 4 3 2 1 0 0 3 0 0 64 21 957 25 5 4 3 2 1 0 0 0 0 0
0 1 0 19 1 0 2 0 243 252 0 0 0 0 0 1 5 6 0 2135 1 0 0 0 0 6 0 17 10 0 1 1 0 4 5 1 0 1 59 0 1 1 0 0 0 0 4 0 4 0 0 1688 1706 2 0 0 1 1758 0 1767 1768 1777 7 9 13246 13 12 11 10 9 8 0 14 13 12 10 2 1 0 1 0 1 62 20 894 35 6 5 4 3 2 1 0 0 1 2
2 3 9 7 0 1 0 22 4 0 0 0 1 0 0 0 0 0 0 2138 1 0 0 0 1 10 1 29 0 0 2 2 0 1 5 78 69 67 3 0 0 0 0 2 0 0 0 1 1 0 0 3 11 0 0 0 0 0 1764 0 0 0 1786 13263 5 4 3 2 1 0 0 18 1 0 0 0 5 3 0 0 0 1 59 19 893 3 23 8 7 6 4 0 0 0 0 29
0 1 0 6 0 0 1 20 3 0 0 1 5 0 2 4 0 2 1 2141 1 0 1 0 1 0 14 35 3 0 0 7 1 0 89 1 0 0 0 0 0 2 4 9 5 0 1 0 0 0 0 0 9 0 0 0 1 0 0 0 2 0 15169 58 57 56 54 33 32 31 30 10 9 8 0 0 0 1 0 0 0 0 56 18 892 2 8 4 0 0 0 1 0 9 10 22
0 1 5 0 0 0 8 8 0 0 0 0 0 6 0 0 7 8 14 2144 1 0 2 1 2 0 52 0 0 0 0 1 12 92 0 0 0 0 0 0 0 0 0 16 0 3 0 0 0 2 4 7 0 1 0 0 0 4 5 0 3 15173 0 57 0 0 0 19 17 16 15 14 1 0 6 5 3 0 0 3 0 47 7 17 891 1 7 0 2 0 0 0 6 1 0 9
0 1 0 0 5 6 0 7 0 0 1 0 1 10 1 65 66 82 90 2254 0 0 1 7 3 55 0 0 0 0 1 0 14 93 0 1 3 0 0 2 2 6 0 18 0 0 0 2 0 0 1 0 0 3 4 0 0 0 0 7 15180 1 1 1 53 30 29 3 2 1 0 0 11 4 3 0 0 0 0 1 40 4 6 16 890 0 5 0 0 0 0 0 0 0 0 0
0 0 0 0 0 0 4 0 0 3 6 0 0 12 62 0 14 0 6 2 2257 0 2267 2269 2283 56 0 0 2 1 4 0 0 109 0 0 9 0 0 3 0 7 0 19 0 0 7 0 0 0 0 0 3 10 0 0 0 0 6 15190 0 0 0 0 0 20 0 23 17 16 0 0 4 1 0 0 0 0 0 28 3 3 5 15 889 0 3 0 0 2 0 0 0 0 3 0
1 1 1 0 0 1 0 0 1 2 0 19 21 47 0 1 8 0 5 1 0 2262 2 0 0 2343 0 7 0 0 6 0 0 112 3 0 0 11 1 0 5 0 29 0 1 0 9 0 0 1 0 0 5 11 0 0 0 2 0 15204 4 3 2 1 0 19 0 2 1 0 14 0 1 0 0 0 3 0 25 1 2 2 4 14 887 0 0 0 5 0 1 2 0 6 0 5
2 2 4 1 0 0 0 0 1 4 10 0 1 0 21 0 5 1 4 0 1 1 1 0 1 0 2351 2360 0 1 7 0 2 118 0 0 0 0 14 0 30 0 0 31 4 0 12 1 0 0 3 0 0 19 3 0 0 0 15214 8 1 0 1 0 2 17 7 0 0 0 10 2 0 0 2 0 1 16 6 0 1 1 3 13 885 0 0 6 0 0 0 28 22 19 9 0
0 12 0 0 1 0 2 0 1 0 0 0 1 17 1 0 4 0 1 1 0 0 0 0 1 5 0 2364 2366 2369 9 0 3 120 0 0 1 0 18 19 0 34 0 38 0 13 0 0 0 7 4 1 0 26 1 0 0 15219 0 0 4 0 0 0 4 0 0 5 0 4 0 1 0 0 0 3 0 7 5 4 0 0 2 12 883 0 0 46 37 35 32 0 0 0 0 1
0 13 0 2 2 0 5 0 0 0 0 0 4 8 0 0 1 1 0 0 0 0 0 0 1 2 0 0 0 2382 0 0 1 127 0 2 6 0 0 0 2 36 0 59 19 18 3 0 9 0 0 0 4 37 0 0 0 15222 0 0 0 0 0 0 0 1 0 0 2 2 0 0 0 3 5 0 0 6 0 3 0 0 1 11 4 876 51 2 1 0 0 0 0 0 0 0
0 1 15 3 3 0 6 1 0 4 0 0 1 3 3 0 0 0 0 0 0 2 0 1 2 3 0 0 0 0 2387 0 0 0 128 134 135 143 0 0 0 40 61 0 0 0 0 0 10 1 1 0 3 0 38 1 0 15225 0 0 0 0 0 8 4 3 0 0 0 0 0 0 0 108 103 95 0 4 0 1 0 0 2 10 3 0 822 1 0 0 0 0 3 0 2 3
0 1 18 10 5 0 0 9 7 0 2 1 0 2 0 0 0 0 0 3 0 1 4 0 0 1 7 1 0 0 2388 0 0 0 133 0 0 0 148 1 0 42 62 0 3 1 1 1 11 5 0 0 0 0 44 2 0 15227 0 5 3 0 0 10 0 0 0 0 0 0 0 0 113 1 0 2 88 0 1 0 0 0 2 6 2 0 0 818 775 774 3 0 4 10 9 0
0 2 32 0 0 0 1 20 0 5 1 0 0 0 0 0 0 3 0 0 4 3 5 0 1 0 0 11 2 0 2391 0 1 0 0 0 2 0 149 0 0 44 64 0 0 4 4 0 22 0 0 0 0 1 6 54 1 15263 34 24 23 22 0 12 0 0 0 0 2 1 3 1 115 0 0 0 0 87 3 2 0 1 0 1 0 0 0 33 7 0 767 763 17 0 0 0
0 0 38 0 1 0 4 38 16 15 2 1 0 0 0 1 0 1 7 8 10 16 27 34 35 39 44 61 0 2394 0 0 2 0 0 0 2 158 0 2 0 110 0 0 0 0 10 11 35 2 0 1 0 2 0 1 57 15265 0 2 0 2 16 0 0 4 7 10 3 0 4 2 117 0 0 1 18 3 59 1 0 0 0 0 0 26 29 1 0 5 2 1 742 740 484 483
1 0 1 42 0 0 46 1 0 0 4 0 0 1 1 2 0 0 0 0 0 0 1 4 0 2 0 14 79 2475 0 4 0 1 1 0 1 3 166 0 0 0 114 3 0 1 0 0 0 40 3 0 0 0 0 0 59 15267 0 0 0 1 1 0 0 1 0 0 17 1 5 126 4 0 1 4 10 2 56 0 0 0 1 0 22 0 1 0 2 1 1 0 0 253 0 0
0 0 0 45 58 56 7 5 1 0 2 0 0 3 5 0 1 1 0 3 1 0 1 0 1 0 6 5 1 0 2482 2490 11 9 6 0 0 2 0 167 171 0 0 119 3 0 0 5 6 41 6 1 0 1 0 0 15330 0 2 0 0 0 0 0 0 1 2 0 0 20 134 0 2 0 0 1 9 1 54 47 3 0 0 2 16 0 0 0 0 0 0 0 0 249 0 0
1 1 0 108 0 0 0 0 1 0 0 0 1 4 0 7 2 0 2 4 0 3 0 0 3 4 2 1 0 2 1 0 2506 0 0 1 1 0 11 13 15 189 190 311 5 0 0 0 1 52 7 0 4 0 0 0 0 15337 0 0 0 3 1 1 0 0 0 3 0 21 137 1 0 0 0 0 8 0 5 1 42 40 12 9 5 15 0 0 0 0 0 16 23 0 223 7
332 0 0 112 1 0 0 0 0 0 0 0 8 0 1 8 0 3 4 5 0 0 5 0 0 0 0 0 0 0 0 0 0 2508 0 0 0 0 4 0 0 0 8 328 0 0 0 0 0 0 61 1 5 1 0 1 15340 0 0 0 0 0 10 0 0 4 0 4 1 163 2 1 0 2 0 0 7 0 2 0 0 26 0 1 0 4 13 10 6 1 4 8 0 4 0 213
0 333 0 0 463 3 1 1 5 2 0 10 0 0 1 2 14 19 25 39 1 8 0 0 0 0 0 0 0 0 0 0 1 2511 0 6 5 0 3 0 0 7 0 7 338 341 343 2 0 0 0 65 6 2 1 15344 0 0 0 4 6 0 12 0 0 5 1 5 325 158 157 156 4 0 0 0 3 0 1 0 23 0 0 0 1 1 0 2 4 0 0 7 2 0 12 7
2 3 344 347 0 470 0 2 7 0 0 11 0 1 5 0 0 0 2 4 49 0 1 0 0 2 6 8 9 14 0 0 0 1 2521 0 3 0 0 0 4 0 1 3 0 0 0 348 0 371 372 373 447 3 2 15347 1 0 0 0 0 9 13 0 1 6 2 335 2 1 0 0 149 3 2 0 1 0 0 0 21 2 1 0 0 0 0 0 3 1 6 0 0 10 0 6
0 2 1 1 0 1 472 3 9 0 0 1 13 0 7 1 0 0 0 0 1 53 4 0 0 0 0 0 0 16 0 1 0 2527 2 0 0 0 0 0 3 0 0 2 0 12 14 16 369 0 0 21 23 476 15352 0 0 0 0 0 1 6 32 1 2 7 366 26 25 24 1 0 144 0 0 0 0 0 0 0 0 14 7 5 4 0 0 1 0 0 2 0 0 9 2 0
0 0 0 0 0 3 5 493 0 0 0 1 29 12 2 0 0 0 0 0 0 61 0 0 1 0 1 6 7 28 0 4 1 2529 0 0 0 0 1 0 0 0 0 1 7 2 0 0 0 0 19 0 0 3 15836 0 5 3 0 0 1 1 0 35 3 379 3 2 1 0 20 4 0 142 1 11 0 6 1 0 0 5 0 0 0 1 0 0 0 0 0 1 4 2 0 0
19 0 0 0 0 0 0 0 496 1 1 32 0 0 0 3 0 0 5 6 10 75 0 3 0 0 0 0 2 0 30 36 2535 2 0 0 7 3 0 1 0 0 0 0 3 0 0 0 0 16 3 0 1 0 1 15839 6 1 0 0 1 0 0 37 397 12 11 8 0 0 14 1 0 0 138 0 7 0 1 0 0 0 0 0 0 0 0 1 2 0 0 0 0 0 0 0
0 22 26 0 0 0 0 0 1 566 570 604 0 615 5 1 0 0 0 0 0 0 76 11 6 0 0 0 0 0 2 2577 0 0 0 0 10 1 0 0 4 0 0 0 0 0 0 4 5 10 0 0 0 0 0 0 16385 1 0 0 3 0 0 439 2 0 1 5 0 13 0 0 0 1 121 0 10 2 1 0 0 0 0 1 1 1 1 5 0 0 0 0 0 0 0 0
1 0 1 29 1 0 0 1 63 0 0 1 611 0 625 0 0 0 0 0 0 0 91 0 0 1 0 0 0 0 0 3 2585 2586 15 13 0 0 0 0 17 10 4 3 1 0 0 0 0 1 0 0 0 0 0 16387 0 531 529 524 518 444 443 1 0 0 0 4 0 11 1 0 0 10 0 108 0 5 3 0 1 1 1 2 2 12 9 0 4 1 0 0 2 0 4 0
0 0 4 37 0 3 0 62 0 0 0 0 3 0 3 632 635 0 0 2 2 0 92 0 0 0 0 2 0 1 0 0 2 1 2607 1 0 0 2 22 0 1 0 0 0 3 5 0 0 0 1 0 37 1 0 16392 0 0 0 2 0 71 3 2 1 0 0 0 0 7 0 0 5 2 0 93 0 0 0 0 0 4 0 5 17 0 0 6 0 0 1 1 0 13 8 0
0 2 0 1 41 46 57 0 0 3 0 0 0 0 0 0 0 640 644 655 0 0 94 0 0 2 1 0 7 0 0 0 0 0 0 2610 0 0 28 0 1 0 0 0 2 0 3 11 0 0 31 33 0 41 0 0 16395 1 0 0 0 0 65 2 1 0 1 0 0 4 0 0 2 1 0 3 88 0 0 0 2 40 34 31 1 0 9 0 1 0 0 5 18 0 1 0
0 0 0 0 1 2 1 2 0 6 0 0 0 4 0 0 0 0 1 2 656 97 0 0 7 0 2 0 0 12 0 0 0 0 1 13 2625 2633 30 0 0 0 1 0 0 0 0 0 23 25 1 0 0 44 0 0 0 16399 1 0 0 0 0 59 50 48 1 0 0 0 3 0 0 0 0 1 86 0 1 0 45 0 0 0 3 0 11 0 2 0 1 26 0 1 0 0
1 0 2 0 0 0 0 0 0 0 9 0 1 0 5 9 0 0 0 0 0 755 0 0 0 11 0 0 1 16 2 1 0 3 10 0 0 5 2667 1 0 4 0 0 0 1 2 6 1 0 0 0 1 48 0 0 0 0 16403 0 3 0 0 6 0 0 42 0 4 0 0 1 0 0 0 0 84 65 59 49 1 0 0 0 0 0 13 0 3 0 30 0 25 24 23 20
0 3 3 0 4 0 0 0 1 0 11 0 0 0 1 13 0 0 0 0 2 762 764 1 0 15 0 3 17 2 1 0 0 2 1 0 3 0 2679 9 7 1 0 1 0 0 0 1 0 0 1 0 5 7 57 59 1 0 16412 7 0 0 0 5 0 0 1 37 0 0 0 0 0 0 6 14 1 0 1 8 6 2 0 0 0 0 0 15 4 63 61 27 0 0 0 1
10 15 20 23 30 0 4 1 4 0 12 0 0 0 0 14 0 2 1 0 0 0 2 769 774 796 4 0 22 0 1 0 0 0 0 1 0 0 2682 1 0 0 7 4 3 0 0 0 1 2 0 2 0 0 0 60 16421 16418 2 0 1 0 0 2 0 0 0 25 3 2 1 2 0 0 1 1 4 0 0 0 0 1 0 0 3 1 1 0 87 0 0 0 0 3 0 0
0 0 0 0 0 32 33 45 0 14 0 1 0 3 21 0 0 0 6 0 0 0 0 0 0 2 801 25 0 2 0 0 4 3 0 0 0 3 2684 0 0 10 0 0 0 0 0 0 0 0 4 0 0 0 2 16484 0 0 0 0 0 0 0 2 1 0 0 0 22 12 11 10 5 1 0 0 0 2 0 0 0 0 0 0 4 4 0 0 350 1 0 0 8 0 0 3
0 12 15 0 0 0 1 2 65 0 2 0 0 0 0 24 0 0 8 10 11 14 0 0 0 0 0 829 0 4 7 5 0 0 0 0 1 6 2685 32 31 0 0 8 3 0 1 5 0 0 6 0 5 6 16496 0 0 0 0 4 0 1 9 4 3 1 0 0 8 0 0 0 0 0 0 0 0 0 0 2 2 1 1 0 7 5 362 353 0 259 0 0 10 0 5 0
