example_data/fac.txt
ncols         457
nrows         455
xllcorner     116.50864690785
yllcorner     26.34160728922
cellsize      0.002015441643
NODATA_value  -9999
[rows 168 to 223 of 455, columns 96 to 191 of 457]
1 0 0 2 0 10 12 13 1354 87 0 1 0 0 12 0 0 0 34 0 5 0 0 1 66 24 11 0 0 2 0 18 1 0 1 2 0 0 0 5 0 0 724 0 16 14 0 0 0 0 0 0 21 0 0 37 5 4 61 9 0 3 0 1 0 4 39 0 0 0 4 0 0 0 6 4 0 4 0 3 4 5 2657 0 0 0 12 49 0 0 0 0 0 863 831 0
0 0 0 0 8 0 0 5 6 1451 0 0 0 0 14 0 0 0 43 6 0 0 0 0 96 0 8 0 0 0 6 0 23 0 5 0 0 4 5 12 19 26 1 746 0 0 0 1 789 793 0 0 0 22 0 38 6 68 0 3 0 5 0 2 0 0 48 0 0 0 7 0 0 4 2 0 0 3 1 0 0 1 2 2661 2663 2665 13 2808 2810 1 1 0 877 12 0 0
0 2 3 5 7 0 3 0 2 3 1456 1458 1460 1462 15 2 0 0 51 5 3 2 0 0 99 0 0 5 0 0 0 0 28 8 0 1 0 0 4 0 2 1 0 1 747 749 751 787 0 1 796 798 800 824 826 866 7 70 0 0 0 7 0 0 57 52 0 0 1 11 1 0 0 0 0 0 0 0 0 0 1 56 57 66 68 72 2757 0 0 2814 2 880 0 10 8 6
0 0 0 0 0 0 0 0 0 0 1 2 3 4 1484 3 0 0 54 1 0 0 0 1 102 0 0 1 0 0 0 1 0 39 0 4 1 1 0 0 0 0 0 8 11 13 32 0 0 2 3 4 5 19 20 21 897 72 0 10 9 0 0 61 0 1 0 0 15 0 0 1 0 0 0 0 0 0 0 0 52 0 7 0 0 2 2 0 1 2815 888 3 0 0 0 0
13 1 1 0 0 1 0 0 0 0 1 2 251 252 253 1752 0 3 60 0 1 0 0 107 0 0 0 0 0 1 0 0 0 48 7 0 0 0 0 0 0 2 7 0 0 0 16 2 0 0 3 6 9 2 1 2 3 987 11 0 0 0 0 1 64 0 0 18 0 8 7 1 0 0 3 5 0 3 0 44 6 0 5 1 0 0 1 0 3 3706 0 0 0 0 0 0
18 35 40 0 0 0 216 223 228 232 239 246 0 1 7 0 1754 1759 1764 1828 1831 0 3 109 0 0 1 1 1 0 4 0 56 4 0 0 0 0 1 4 0 0 3 0 0 5 0 5 0 0 1 1 1 1 0 0 1 2 991 0 3 2 0 0 0 67 0 0 31 0 0 0 0 0 1 0 6 25 39 0 1 2 1 0 0 0 0 1 6 3710 2 1 0 105 103 101
0 1 161 205 209 212 1 1 2 2 5 0 4 0 2 1 0 3 3 1 0 1834 1950 0 0 1 0 4 4 0 5 61 0 1 0 0 0 2 0 6 0 0 0 0 0 0 1 1 2 0 0 0 0 0 0 9 10 11 12 1012 7 0 0 148 145 75 74 73 0 0 0 0 1 0 2 4 0 16 0 7 0 0 0 0 0 1 0 1 3722 0 0 0 0 107 0 2
152 158 0 1 1 1 0 0 1 1 0 3 2 0 1 0 2 1 0 0 0 0 1952 0 3 0 0 12 0 0 75 0 1 0 0 0 6 0 0 0 15 0 0 0 0 0 0 0 0 0 1 0 0 0 2 7 2 4 6 0 1024 1 0 156 6 1 0 0 37 0 1 1 3 0 0 3 10 3 0 0 5 3 0 0 1 2 0 0 0 3723 2 3746 3856 0 3 0
0 2 0 0 0 0 0 0 0 0 1 0 0 0 0 0 0 0 0 1 0 1 4 1959 4 1 1 14 0 78 0 5 0 0 0 0 0 8 1 2 0 17 0 6 4 0 0 0 0 10 6 2 0 0 0 3 1 0 0 0 1027 161 159 1 0 3 0 0 0 33 19 18 14 2 0 2 0 2 0 0 0 0 0 0 2 6 12 13 14 3739 3741 0 0 3866 2 0
0 0 0 0 0 0 0 3 1 0 0 0 0 0 0 0 1 0 0 3 0 0 0 0 1966 102 99 81 80 0 0 2 0 0 4 6 0 13 0 1 0 1 27 0 0 0 0 3 1 12 0 2 1 0 0 0 0 0 0 0 0 1196 4 3 0 0 0 0 0 10 3 0 1 3 0 0 0 0 0 1 0 0 0 0 0 0 0 0 0 0 0 0 0 3868 0 3
0 0 0 1 0 2 31 39 0 0 0 0 1 2 1 1 2 0 0 0 13 14 0 26 1996 103 1 0 1 0 0 0 0 0 0 0 9 25 0 0 0 3 30 1 0 0 3 11 0 13 0 0 0 0 0 1 0 7 10 0 1200 2 0 0 0 0 0 3 0 5 0 2 0 0 0 0 0 0 1 2 4 1 0 0 0 0 1 7 9 1 2 0 2 3902 32 26
4 0 1 0 24 27 0 3 44 1 1 1 5 0 0 4 4 0 0 5 0 6 24 0 0 2101 2 4 1 0 0 0 1 1 0 0 0 28 0 0 0 0 38 2 0 0 0 13 0 14 2 1 1 0 0 0 5 0 1 1217 1 0 0 0 0 1 5 1 0 2 0 0 0 0 1 3 0 0 4 10 1 0 1 1 1 0 1 2 0 13 3 0 3912 5 0 0
1 10 14 19 0 1 0 0 0 52 0 2 6 2 0 10 0 0 2 0 5 0 0 2 4 2107 3 6 0 0 1 1 4 0 0 7 0 30 0 0 3 40 1 0 0 0 1 16 0 31 14 4 1 0 1 0 0 0 1 1220 1 0 0 0 3 0 11 0 1 0 1 0 0 0 0 6 0 0 5 13 0 0 2 2 3 0 0 2 5 14 3933 3928 12 0 2 1
0 0 0 0 1 0 0 0 0 0 68 72 83 84 100 0 1 0 0 1 3 0 1 0 0 2109 4 8 0 1 2 2 5 0 4 0 10 32 0 0 4 51 1 0 0 0 0 2 56 0 0 2 0 1 2 0 0 1 2 1224 2 2 1 0 4 0 12 5 1 0 0 0 2 0 1 0 11 0 20 0 0 0 8 4 0 0 0 0 1 3956 0 0 1 9 8 2
0 0 2 0 0 0 0 5 6 12 0 2 0 0 0 106 1 0 0 0 0 0 0 0 0 1 2127 0 0 5 0 12 8 0 0 0 11 33 0 73 71 0 5 1 0 1 0 0 0 59 1 0 0 2 5 0 0 2 4 1230 3 3 2 1 6 0 24 4 2 1 0 0 6 0 2 0 12 0 23 0 0 0 18 7 0 3 1 0 1 3957 0 0 0 0 0 3
2 0 5 0 0 2 0 0 2 0 0 1 0 5 8 13 122 124 1 1 2 0 0 0 4 8 10 2144 2146 2153 15 0 0 0 0 0 13 113 78 0 12 0 4 2 0 0 2 0 0 60 1 0 0 0 10 0 0 0 0 1233 4 4 3 0 7 30 3 0 0 0 1 9 0 0 5 0 0 16 41 0 1 0 20 0 5 0 0 0 1 3962 10 5 2 1 0 0
3 0 7 0 0 0 3 0 0 0 0 0 0 0 0 3 0 0 129 0 7 0 0 1 1 0 0 4 3 5 2177 3 1 0 0 3 129 0 0 0 1 8 0 3 0 0 2 9 12 76 0 0 1 14 1 0 0 0 0 0 1239 5 4 1 8 32 0 1 0 0 13 0 0 8 0 0 0 0 0 46 0 0 73 6 0 0 0 0 0 3976 0 2 1 0 0 0
0 0 1 12 17 20 25 0 0 36 0 0 0 0 0 0 0 0 0 132 9 0 2 0 0 0 3 1 0 0 0 2182 0 0 0 136 0 0 0 0 0 0 0 0 0 0 0 0 0 0 81 0 20 2 0 0 1 6 8 9 1250 6 5 12 0 40 0 2 0 0 18 0 11 0 0 2 0 0 0 0 47 49 0 82 0 3 1 1 0 3979 0 1 0 0 3 0
0 0 0 0 2 0 0 30 33 0 37 44 0 1 0 0 0 0 1 150 4 3 0 0 0 0 0 0 2 3 0 1 2188 0 0 138 0 3 0 1 1 0 0 0 0 2 3 5 6 7 114 23 1 0 0 0 0 0 0 3 1257 7 6 13 42 0 5 0 0 0 35 12 0 0 1 0 5 1 2 0 0 0 0 83 0 0 7 10 0 3980 3 0 1 4 0 0
34 38 0 0 1 0 0 0 0 0 2 0 46 2 1 3 1 0 1 156 0 1 1 0 1 2 0 1 0 1 4 14 2204 2 1 139 0 5 0 4 0 1 0 1 0 0 0 0 1 0 116 0 1 0 0 1 0 0 1 0 1 1266 7 14 44 0 0 0 0 0 1 38 0 0 3 0 10 2 3 2 0 1 4 89 1 0 1 2 15 3981 18 13 12 0 2 2
4 170 213 0 0 0 0 0 0 0 0 0 49 0 9 0 0 0 0 0 157 2 4 0 7 0 0 0 0 2 8 1 13 2223 0 149 8 0 0 5 0 5 0 2 1 1 0 0 1 10 128 3 0 0 1 2 1 0 0 0 7 1276 8 15 45 2 0 1 0 0 1 43 0 1 6 0 0 12 17 6 2 0 0 0 93 0 1 2 3 4002 20 0 0 3 0 0
0 164 0 215 217 220 0 0 2 2 0 0 0 51 0 13 0 0 2 0 0 162 15 9 0 0 0 0 0 0 1 0 10 0 2225 150 3 2 0 0 7 6 0 3 0 4 1 2 3 0 0 135 0 4 0 0 7 0 0 3 1 0 1290 16 46 3 3 0 2 0 0 0 50 51 52 61 62 63 64 91 0 0 0 1 97 0 0 1 2 3 4028 2 0 0 0 2
163 0 0 0 1 9 236 239 244 254 256 1 1 0 68 0 0 0 0 4 0 164 16 0 0 2 0 0 2 0 0 8 0 0 2227 151 6 1 0 0 10 20 0 0 12 0 0 1 0 13 14 136 0 6 0 2 9 0 0 0 0 2 0 1308 47 0 10 4 0 0 1 2 1 0 1 2 3 4 5 6 99 101 102 103 104 203 204 205 206 207 208 4241 0 36206 36209 36214
0 91 0 0 4 1 3 0 0 5 0 260 337 338 344 415 417 431 435 444 446 629 0 7 5 0 0 0 0 4 5 0 0 1 2230 152 7 3 2 0 0 1 23 39 0 0 0 0 10 0 2 155 0 7 0 3 17 0 3 0 0 0 0 0 1359 0 0 16 2 0 0 0 0 1 2 3 4 5 6 7 8 9 10 11 12 13 14 15 16 17 18 19 36204 0 0 0
0 87 1 0 1 0 2 0 3 0 0 72 0 3 0 0 11 0 1 2 0 0 643 2 1 0 2 0 0 0 0 1 0 0 2233 153 8 7 1 0 0 0 0 42 1 0 1 0 6 0 0 2 161 163 173 23 0 5 0 0 0 0 9 11 12 1373 0 21 0 0 0 0 0 0 1 2 3 4 5 6 7 8 9 10 11 12 13 14 15 16 17 31935 3 2 0 0
49 85 3 0 0 0 0 0 0 0 10 70 1 0 1 5 0 1 0 0 0 0 649 0 0 0 5 1 5 3 0 0 4 0 0 2388 18 0 0 0 0 0 3 43 0 0 2 0 0 2 0 0 0 0 0 203 0 0 0 0 0 4 1 0 0 1 1377 22 2 1 0 1449 1452 1453 1454 1455 1456 1457 1458 1459 1460 1461 1462 1463 1464 1465 1466 1467 1468 1469 31908 7 1 0 0 0
26 2 0 2 0 0 1 0 7 8 0 56 1 0 0 2 1 0 0 0 0 1 0 667 9 6 0 7 0 0 0 0 1 8 0 2389 20 0 0 2 0 0 1 4 50 3 1 0 0 0 0 0 0 0 3 0 212 5 3 0 0 0 0 0 4 5 6 1408 3 0 1446 0 0 0 1 2 3 4 5 6 7 8 9 10 11 12 13 14 15 30437 1 4 1 0 0 3
0 0 0 0 0 0 0 5 0 46 48 2 0 0 0 0 0 0 1 4 0 0 0 16 678 12 11 1 0 0 1 0 2 14 1 2390 22 0 1 4 1 0 0 8 65 13 9 0 0 0 0 5 0 0 0 0 216 0 1 0 0 1 0 0 2 0 1 2 1416 0 1442 0 0 3 4 5 6 7 8 9 10 11 12 13 14 29 30 31 30418 2 0 0 0 0 0 8
4 3 0 0 0 3 0 0 39 4 0 0 0 0 1 0 0 0 0 3 9 13 14 0 691 13 1 0 0 1 2 0 0 0 17 2391 23 16 13 12 2 0 0 10 67 0 0 7 4 2 0 8 0 0 0 0 0 220 0 1 2 0 0 0 0 6 9 10 11 1436 3 0 0 0 2 3 4 5 6 7 8 9 10 11 13 0 0 30382 1 0 1 0 0 0 1 6
0 0 0 0 1 32 34 38 0 1 0 0 0 1 0 4 2 0 0 0 0 0 1 9 0 706 2 2 0 7 4 0 0 0 19 2392 24 18 0 0 0 0 0 81 0 0 1 0 0 0 0 1 16 1 1 1 0 222 0 7 0 4 2 0 0 4 1 1 3 1 1 0 0 0 0 0 1 2 3 4 5 6 7 8 9 10 30361 0 15 4 1 0 1 0 3 0
0 0 0 9 24 0 0 1 0 0 0 2 0 9 13 14 25 0 0 0 0 0 5 0 0 711 3 13 9 0 0 0 3 0 21 2393 25 20 0 2 1 0 1 84 0 5 0 0 0 0 0 0 0 22 2 2 0 224 10 0 0 0 6 0 0 2 0 0 0 0 1 0 2 0 0 1 2 3 4 5 6 7 30327 30328 30329 30337 11 0 8 0 1 0 2 1 0 3
0 4 7 0 0 10 0 0 0 0 0 5 7 0 0 1 28 2 0 0 3 0 1 0 1 0 716 15 0 0 0 0 2 8 31 2394 54 6 3 0 0 0 1 2 96 0 0 0 0 3 0 0 0 0 28 32 1 0 237 0 0 9 0 1 0 0 0 1 0 0 1 4 21 0 0 0 1 2 3 4 5 30315 2 2 4 1 9 1 0 6 4 3 0 0 1 0
1 0 0 0 7 0 0 1 0 2 0 0 0 0 1 4 38 0 0 0 6 0 0 0 0 2 5 739 4 3 0 0 0 0 33 2451 0 0 0 2 0 0 0 1 100 0 0 1 0 0 5 1 0 2 1 0 36 0 0 239 241 10 3 0 1 0 0 1 7 8 9 11 0 22 24 25 26 27 28 30301 30308 1 1 1 0 0 5 0 0 0 0 3 1 0 0 0
0 0 3 4 0 0 1 4 0 5 7 0 0 0 1 0 1 39 1 0 7 0 0 0 0 0 0 0 746 1 0 0 0 0 35 2453 0 4 3 0 0 1 0 0 103 0 1 2 8 1 9 0 0 0 0 3 4 43 44 45 46 300 5 0 3 0 0 0 0 0 1 2 3 4 5 6 7 8 30271 0 3 0 0 0 0 0 0 2 0 22 21 0 3 1 0 0
0 1 0 0 0 0 0 0 6 0 0 9 0 1 0 0 136 182 187 190 10 0 2 0 0 0 1 4 5 756 0 0 2 0 36 2461 6 0 0 3 0 3 0 0 106 0 0 0 10 0 11 0 0 0 0 0 0 1 2 3 4 5 313 0 4 0 2 3 0 0 1 2 3 4 5 6 7 30248 11 10 0 0 0 1 0 0 1 0 26 0 0 13 0 0 0 0
0 0 1 2 1 0 2 0 14 0 12 0 0 127 131 134 1 0 1 0 202 0 0 4 1 0 0 0 2 4 763 765 766 771 809 2463 0 0 0 4 0 7 0 0 108 0 0 3 15 0 12 8 3 0 0 0 17 19 21 23 24 25 26 342 348 0 0 1 7 8 9 10 11 12 13 30226 30228 10 3 0 9 8 4 0 0 0 0 0 30 1 0 5 1 0 0 6
0 1 0 2 8 1 0 6 0 30 0 0 121 0 1 1 0 0 0 1 18 223 227 234 239 0 0 0 0 0 0 0 1 2 3 3279 0 1 1 0 15 0 0 2 110 0 0 0 0 17 24 0 3 1 0 2 12 0 0 0 1 2 3 4 5 356 357 358 359 360 361 362 363 364 30211 0 0 5 0 1 0 0 0 0 0 2 2 0 36 3 2 0 4 0 0 3
2 0 4 0 24 0 0 0 0 0 90 115 1 0 0 0 2 3 4 14 0 0 0 0 2 243 246 0 0 0 1 3 4 5 6 7 3288 3291 3294 3296 3297 3314 0 0 115 0 1 1 1 44 0 0 0 0 0 3 0 6 2 0 0 6 7 8 9 10 11 12 13 14 15 16 17 29088 2 752 0 0 2 1 0 0 0 0 0 0 6 0 39 1 0 0 0 1 0 0
3 0 1 11 0 28 0 0 53 57 0 20 0 0 0 1 0 1 8 0 0 0 0 0 0 0 1 249 252 0 0 0 0 1 2 3 488 489 490 491 492 493 3810 3811 3812 3930 2 2 2 47 1 0 0 0 0 0 0 1 0 0 4 0 3 5 6 7 8 9 35 37 38 41 29068 0 1 0 749 0 0 0 2 0 1 1 3 0 96 85 44 39 0 1 0 0 0 0
0 0 0 2 0 0 43 45 3 1 0 0 18 4 0 0 0 4 0 0 3 55 57 0 66 68 69 70 78 332 334 335 336 337 480 482 0 0 30 32 34 36 37 50 51 52 3987 3 52 0 0 0 0 2 0 1 0 0 0 0 1 0 1 0 0 1 2 24 0 0 1 0 29025 0 0 0 747 0 1 5 0 2 0 0 4 0 99 0 3 0 37 0 0 0 1 2
10 0 0 0 0 10 0 0 1 0 0 10 1 1 0 0 2 0 0 0 49 0 0 62 1 0 3 6 0 0 1 2 3 141 0 0 0 28 0 0 0 0 10 0 1 3 4 3997 53 0 4 2 0 0 15 10 5 1 0 0 0 0 0 3 4 5 15 3 1 0 0 28985 27 9 0 739 4 0 0 8 3 1 0 1 5 0 101 0 0 0 33 29 28 24 22 8
12 0 0 0 2 0 4 0 0 1 9 1 0 0 7 0 1 0 1 3 46 0 1 0 0 1 0 0 0 0 117 120 134 0 0 0 1 0 22 19 0 0 9 0 0 0 0 1 4054 1 5 1 0 19 0 0 0 1 0 1 0 0 0 1 0 8 2 0 1 4 28981 1 26 0 7 737 2 0 0 11 9 2 0 0 9 11 104 1 0 0 0 0 0 0 6 0
1 0 2 0 0 0 0 0 0 1 1 0 0 6 0 8 9 28 29 37 1 0 0 0 0 0 94 95 102 116 0 1 9 1 0 0 0 0 0 0 16 0 4 0 0 2 3 4 5 4063 6 2 0 21 0 5 4 3 0 0 4 1 0 1 6 1 0 1 2 28974 0 0 25 0 6 736 0 0 0 13 12 0 0 0 0 0 129 11 10 9 8 0 0 1 0 5
5 4 0 0 0 0 0 1 0 0 0 0 3 1 0 6 7 14 1 1 2 0 0 0 2 0 92 3 0 8 1 0 0 7 0 0 5 7 9 11 1 1 3 0 0 0 4 6 7 8 4080 3 1 32 9 2 0 0 0 0 8 0 0 5 0 0 1 2 28963 6 0 0 17 6 5 734 0 0 0 29 0 0 0 1 137 133 2 1 0 0 0 6 5 1 0 3
3 2 0 2 4 6 10 0 0 1 0 0 0 0 0 2 0 5 0 0 1 0 0 1 0 91 0 2 2 3 0 0 2 2 0 0 0 0 0 0 0 0 0 0 0 1 2 0 0 1 2 4088 2 36 2 1 0 0 0 7 9 0 0 1 0 1 2 28955 3 4 0 10 4 4 4 4 727 1 0 31 0 0 1 142 1 0 43 0 1 1 0 0 0 2 1 0
3 0 0 0 0 0 0 12 16 1 0 1 0 0 1 0 1 0 0 0 0 1 3 7 78 4 0 1 1 1 0 0 0 0 0 1 0 0 0 0 0 2 0 0 1 0 1 2 3 4 355 356 4449 37 1 0 0 1 3 0 18 0 2 3 4 5 28722 228 2 3 6 2 3 3 3 3 11 712 34 0 0 195 193 47 46 45 0 41 38 0 26 24 19 2 1 0
0 0 0 0 1 0 2 32 0 10 8 0 0 0 0 0 3 5 6 0 0 0 0 69 1 2 0 0 0 0 0 1 0 0 0 0 2 7 1 2 0 3 0 0 0 2 3 4 345 348 0 0 1 4490 3 0 0 0 0 0 19 0 0 0 0 28682 32 227 1 2 4 1 2 2 2 2 10 450 225 0 217 19 4 3 2 1 0 1 0 31 0 0 0 12 2 1
0 0 0 3 0 4 37 0 0 0 0 3 0 0 1 1 0 0 1 8 0 1 66 1 0 0 0 0 2 0 0 92 95 100 102 104 120 131 4 0 0 1 8 0 1 0 0 339 0 1 1 5 0 0 4497 0 3 0 0 0 24 0 0 2 28660 19 31 226 0 1 3 0 1 1 1 1 9 449 0 223 2 0 12 10 8 1 0 0 0 0 0 0 5 2 1 0
1 0 0 0 5 5 40 0 0 0 0 0 0 0 4 5 0 24 0 2 51 56 1 0 0 0 1 2 73 84 86 1 0 2 12 14 0 0 241 0 0 0 0 10 291 295 298 38 0 0 0 1 9 10 16 4516 4522 0 1 0 0 26 28 28637 18 18 30 225 0 0 2 0 0 0 0 0 8 448 0 0 0 0 0 0 5 1 0 0 0 0 1 0 0 4 1 0
0 1 1 0 7 48 0 0 1 3 0 0 0 1 12 13 22 0 27 36 0 2 0 0 41 42 0 67 1 6 0 0 0 0 11 0 0 1 103 242 260 264 270 277 2 1 0 34 1 0 0 0 1 4 0 0 0 4526 0 4716 4719 4721 4727 23879 17 17 29 130 92 0 0 0 0 0 0 3 7 446 2 1 0 0 0 0 1 0 0 1 1 3 0 3 0 1 0 0
0 6 10 11 58 0 0 0 7 0 0 1 0 10 0 0 0 0 1 3 0 0 0 40 0 4 53 11 0 5 0 0 2 7 2 0 0 99 0 5 8 1 3 2 1 0 0 33 6 3 0 0 0 2 0 151 152 153 4714 0 1 0 4 23878 16 16 28 129 90 0 0 1 4 0 2 1 2 442 0 0 0 2 0 0 308 0 12 10 7 0 7 1 0 0 0 1
0 0 0 0 72 0 28 8 0 2 0 2 0 4 0 0 1 0 0 0 0 31 39 0 0 1 4 0 9 2 0 0 0 2 0 0 80 16 0 3 7 0 2 0 0 0 21 2 1 0 0 0 0 0 148 0 21 23 6 0 0 0 3 23877 15 15 27 128 5 82 10 8 0 0 0 0 0 440 0 1 1 4 0 313 0 306 13 12 11 10 9 0 1 0 0 3
2 0 0 0 0 105 0 16 15 1 0 4 0 2 0 0 4 0 0 19 30 1 0 4 0 0 3 3 3 0 1 0 1 0 1 75 2 15 0 1 3 2 1 0 13 20 0 1 0 0 5 141 143 145 0 19 0 0 4 0 0 0 1 23876 14 14 26 127 4 5 64 1 0 0 0 0 0 3 433 426 423 335 316 0 1 2 275 2 1 0 0 2 1 0 1 0
3 0 0 3 0 108 1 0 0 7 5 0 0 0 0 0 1 16 17 0 3 2 0 1 0 1 0 2 1 0 0 0 1 0 74 0 1 6 7 0 2 1 0 1 9 4 0 0 0 3 131 1 0 0 16 0 0 0 0 0 0 2 0 23875 13 13 25 126 3 4 4 56 7 6 2 0 0 0 5 0 84 1 10 1 0 1 0 270 1 0 1 6 0 0 3 7
0 6 0 0 125 119 0 0 0 0 0 1 2 0 0 3 8 0 0 0 0 0 1 0 0 0 0 0 0 0 0 0 0 50 16 1 0 5 1 4 1 0 0 0 8 1 0 0 0 0 130 0 0 11 3 0 0 1 2 0 0 3 27 23845 12 12 24 125 2 3 3 6 40 0 0 0 0 1 0 0 83 0 7 0 0 0 0 2 264 13 12 9 0 0 14 0
0 0 7 130 0 1 6 2 1 0 0 6 1 0 0 0 3 0 5 1 0 0 0 0 0 0 0 0 1 1 0 41 46 0 14 0 0 4 0 3 0 0 2 5 0 0 0 106 107 110 18 0 6 2 0 0 1 0 0 3 16 20 1 23844 11 11 23 124 1 2 2 5 38 0 0 3 0 0 0 1 82 0 5 2 0 0 0 0 9 239 0 0 0 1 2 252
