example_data/fac.txt
ncols         457
nrows         455
xllcorner     116.50864690785
yllcorner     26.34160728922
cellsize      0.002015441643
NODATA_value  -9999
[rows 280 to 335 of 455, columns 192 to 287 of 457]
2 40 0 0 0 4 0 11 4 0 876 884 886 888 907 956 164 0 0 0 4 1 0 2 0 0 7 0 1 1 1 2 0 1 1 1 0 3 0 0 0 0 12 1 0 0 0 0 3 8 15 16 21 34 35 42 0 0 1 0 0 8 0 2 2 0 3 5 7 9 1226 0 0 0 0 38 0 61 54 0 0 12 0 6 1 5 0 0 0 0 0 1 6 1 0 4
41 0 0 1 1 5 0 1 837 848 3 2 0 0 0 46 162 0 1 0 0 0 0 0 0 0 6 1 0 0 0 0 0 0 0 0 0 0 0 7 8 11 0 0 0 0 0 1 0 5 0 2 0 0 0 0 45 0 0 0 0 1102 1 1120 1125 1128 1133 1190 1192 1196 17 3 2 0 0 37 0 4 0 45 30 16 10 0 0 12 4 2 0 0 0 0 1 0 2 0
663 43 1 2 0 2 812 816 0 9 2 0 0 0 37 45 0 159 7 6 5 4 0 1 0 0 0 0 0 0 0 0 0 0 1 0 0 1 4 0 0 0 0 0 3 1 0 1 0 0 0 0 0 0 2 47 0 0 0 1086 1089 0 1111 2 0 0 55 0 0 2 1 10 0 0 2 0 31 3 0 11 0 4 0 0 17 2 1 0 0 1 2 0 0 1 0 2
2 713 0 0 3 800 0 1 0 8 0 0 0 30 4 2 3 148 3 2 1 0 2 0 0 0 0 0 0 1 14 11 9 3 0 0 0 1 0 0 0 0 0 2 0 6 0 0 4 0 2 0 0 2 54 0 0 2 1081 0 1 1 5 0 0 0 6 46 0 1 0 7 0 0 0 29 0 0 0 8 1 3 0 20 0 1 0 1 0 2 3 0 0 0 0 0
1 2 731 734 788 3 1 0 0 2 3 0 25 2 3 1 2 1 141 1 0 1 0 1 1 2 0 0 4 16 0 0 0 1 0 1 0 0 0 2 0 2 0 1 4 0 8 0 1 8 3 1 0 1 2 59 61 1077 33 31 0 0 4 0 0 3 0 44 0 0 2 2 0 0 6 11 9 1 0 7 0 2 0 0 27 1 0 2 4 0 5 1 0 0 0 1
1 9 2 0 52 0 1 0 1 1 0 21 1 1 2 0 1 0 0 137 3 0 0 2 0 5 32 30 28 0 1 0 0 0 0 3 1 0 1 4 4 0 0 0 3 5 10 0 0 0 16 0 0 0 1 0 971 8 1 0 30 0 0 0 0 1 13 0 27 0 0 1 0 4 0 10 2 3 0 6 0 0 0 1 29 0 0 0 8 8 0 3 2 0 0 0
4 0 0 1 0 50 0 0 0 0 13 6 0 0 0 0 0 11 14 0 116 0 5 0 1 47 1 0 4 2 0 0 0 0 2 0 4 3 0 13 0 0 2 0 1 4 17 1 0 20 0 0 1 0 2 969 0 5 0 0 29 2 1 0 0 8 1 3 0 26 1 0 0 1 1 6 1 1 0 4 0 0 1 3 37 0 0 2 19 0 0 8 0 0 1 0
0 0 0 0 7 40 1 0 0 5 6 3 1 0 0 0 10 0 0 0 114 66 65 0 52 0 5 3 0 0 3 0 0 2 4 0 0 9 1 14 0 0 5 0 0 3 23 2 0 23 0 1 4 6 959 4 0 0 2 0 25 21 0 0 3 0 0 0 0 23 0 0 0 0 0 4 0 0 1 0 0 1 0 0 39 0 2 25 1 0 11 0 0 4 0 0
3 0 0 1 3 35 1 0 0 2 5 1 0 0 5 7 0 0 1 38 6 0 1 55 0 0 0 0 0 4 0 0 0 4 5 1 1 2 15 0 17 0 0 7 0 0 4 27 0 2 28 29 30 937 13 2 1 0 1 0 0 1 17 11 0 2 0 0 0 21 0 1 0 0 1 0 0 0 0 1 2 6 10 11 13 54 62 26 0 0 12 0 7 0 0 0
0 1 0 0 1 0 33 1 0 1 0 3 0 0 1 0 0 0 34 0 0 3 0 0 0 1 0 0 0 6 1 0 3 11 0 2 0 0 1 16 0 19 1 9 1 0 6 28 0 0 1 2 835 69 12 1 0 1 0 0 0 0 3 0 7 0 0 0 2 18 3 0 0 0 0 0 0 0 0 0 1 0 0 0 0 3 0 92 3 0 13 9 0 0 0 2
0 2 0 0 0 10 1 17 3 1 0 2 0 0 0 18 19 28 4 0 2 0 1 5 5 1 0 1 0 7 0 2 0 4 18 5 0 0 0 20 0 0 23 10 2 1 36 0 0 0 1 828 2 68 0 8 4 1 0 0 0 0 0 0 5 2 0 0 3 2 3 0 0 3 0 3 1 1 3 4 0 0 1 0 0 0 0 0 97 0 24 0 1 1 0 4
44 0 0 0 0 7 0 11 0 0 0 0 0 1 0 16 4 0 3 0 0 0 0 2 12 0 0 2 9 0 1 0 5 0 25 0 0 1 0 0 23 0 1 553 557 597 0 632 635 636 820 4 1 67 0 2 1 0 0 1 2 0 0 0 0 0 0 0 0 1 0 0 0 4 0 0 6 0 0 0 6 0 0 3 1 0 0 1 101 103 25 0 3 22092 22095 22111
35 0 12 0 0 5 0 1 8 1 0 0 0 0 13 0 3 1 0 0 1 7 0 0 1 16 1 3 11 0 2 0 0 34 0 1 0 1 5 0 511 514 515 0 12 24 630 0 0 2 179 3 0 1 63 0 0 1 2 5 4 0 2 3 1 0 0 0 0 0 0 0 0 1 8 1 0 9 10 14 22 0 2 6 0 0 0 0 0 0 22015 22018 22089 0 0 0
33 14 0 9 0 0 2 0 0 4 0 0 5 8 0 0 2 0 0 1 2 0 8 0 0 0 112 4 13 0 4 0 0 0 36 40 1 0 0 483 1 1 0 6 3 10 3 0 0 1 178 2 0 0 61 25 24 11 7 0 0 0 0 9 0 0 0 5 0 0 2 0 3 0 10 2 0 0 0 0 0 24 0 11 2 0 0 2 21877 21881 1 0 0 63 0 3
17 1 0 0 6 0 0 0 0 0 0 0 0 0 0 0 0 0 0 0 0 0 11 12 14 91 0 121 137 139 5 3 0 0 0 0 44 0 1 473 0 0 3 0 2 9 1 0 1 177 0 0 0 21 8 3 0 7 2 0 0 2 0 11 1 0 8 0 0 0 4 0 5 0 18 34 36 37 1 0 3 25 0 13 0 4 6 21872 0 2 0 0 3 57 0 1
2 7 1 0 4 1 0 0 0 0 0 0 0 0 0 0 1 5 10 1 0 1 0 0 73 0 0 0 0 0 151 0 0 0 1 1 0 456 465 5 0 0 1 0 0 8 0 0 0 18 154 0 0 19 7 1 0 2 0 0 0 0 3 17 31 10 0 0 0 0 0 5 7 16 0 0 0 0 48 51 4 26 0 1 17 18 21862 0 0 0 0 0 0 55 1 0
1 2 1 0 0 0 0 4 1 0 2 0 0 2 1 0 1 0 0 11 2 62 64 67 2 0 0 0 1 0 0 153 158 0 2 0 409 0 7 0 4 0 0 0 6 0 0 14 16 0 152 0 11 5 4 1 0 0 0 0 1 0 1 0 0 35 1 2 0 1 1 0 1 0 3 4 7 8 0 0 86 0 0 0 0 21841 0 0 0 0 0 0 2 0 48 0
0 0 0 0 0 0 7 0 0 1 3 0 5 2 0 0 0 0 1 15 16 38 0 0 0 0 5 7 2 0 1 0 161 0 0 401 0 0 0 4 1 0 0 3 0 0 11 0 0 132 15 0 10 4 2 0 0 0 0 3 0 0 43 0 0 1 92 3 4 0 4 1 0 0 0 0 1 0 0 1 2 924 1 1 937 20900 0 12 10 3 1 0 0 0 0 44
0 0 2 0 0 12 0 0 0 3 4 0 13 2 0 0 3 0 0 0 0 37 0 2 3 4 0 2 11 4 0 2 162 0 302 93 2 1 0 2 0 0 0 0 0 8 0 0 131 4 8 0 9 1 1 1 0 1 24 25 35 38 1 48 50 52 0 97 15 0 6 0 0 0 1 3 5 9 1 0 833 2 931 933 0 20676 221 194 3 2 0 0 2 1 0 0
1 0 7 3 0 13 0 1 0 5 5 15 0 0 0 1 4 12 15 16 34 0 0 0 11 0 0 0 0 106 109 114 131 299 0 0 88 21 1 0 1 0 0 2 6 0 1 119 9 3 6 0 8 0 0 0 0 15 3 1 1 1 0 0 0 0 0 116 0 8 0 0 0 0 0 0 0 1 825 830 0 1 0 0 0 20675 12 0 193 0 0 184 5 4 3 1
13 8 1 0 0 0 18 21 1 6 6 23 1 0 0 1 0 0 0 16 0 0 7 9 0 23 0 0 36 87 0 0 15 2 0 46 17 0 18 5 4 1 0 0 2 0 116 7 0 2 2 2 6 0 0 0 0 12 2 0 0 0 0 1 0 0 1 120 0 0 2 0 0 2 0 0 0 0 809 3 0 0 0 5 20672 1 10 0 0 190 187 0 173 0 0 0
1 0 4 1 0 0 0 0 23 66 24 0 3 0 0 1 4 5 12 1 0 5 0 0 8 0 31 33 0 46 1 2 10 0 1 45 16 0 0 10 0 0 0 0 0 108 5 1 4 1 1 1 4 0 0 8 10 0 0 0 0 0 0 0 4 0 0 1 121 1 4 0 1 0 4 1 0 808 4 0 0 0 1 3 20664 0 8 2 0 0 0 0 0 170 168 7
0 6 0 0 0 0 0 0 0 0 70 1 0 0 0 0 0 0 5 0 0 3 0 6 0 1 2 0 31 13 0 1 8 0 0 44 0 13 0 9 1 0 0 2 105 0 4 0 3 0 0 0 3 0 3 0 0 10 13 14 16 17 20 22 29 0 0 3 0 130 0 0 3 0 9 0 0 800 0 3 2 0 0 0 20663 0 2 0 0 0 0 1 0 0 158 0
7 0 0 3 0 0 9 1 1 0 72 0 0 2 0 0 0 1 0 0 0 0 2 1 0 1 0 26 3 11 0 0 7 0 0 43 0 10 0 6 2 0 0 1 98 0 0 2 0 1 0 2 0 1 0 8 9 0 1 0 0 0 1 26 28 62 64 65 70 203 0 0 4 0 759 782 791 0 6 0 0 0 0 1 20661 0 0 0 0 1 3 0 0 0 153 2
0 9 6 0 2 5 0 13 19 75 0 1 3 0 1 0 0 0 0 1 0 0 0 0 3 5 23 0 2 9 0 3 0 0 17 18 3 0 8 1 0 0 0 0 97 1 0 1 0 0 0 0 0 5 6 0 0 0 0 0 14 15 23 0 0 2 0 1 2 3 208 210 211 757 9 0 1 3 3 0 0 0 2 3 20657 0 0 0 38 17 14 9 0 0 151 0
38 14 3 0 1 1 0 0 0 96 0 2 5 0 2 1 1 0 5 0 0 0 0 2 0 2 0 12 0 0 8 0 1 0 15 17 0 1 6 0 0 0 1 0 93 0 0 0 0 0 0 1 3 0 1 2 4 7 8 10 0 3 1 0 1 0 2 3 4 5 6 532 539 0 3 3 0 2 1 0 0 2 3 4 20651 0 1 40 0 18 0 5 1 0 0 147
11 0 1 1 0 0 0 1 8 109 111 113 14 3 0 0 4 7 0 3 1 0 0 0 0 0 1 8 0 4 1 0 0 9 4 0 15 0 0 4 0 0 1 53 25 11 9 6 5 0 0 1 2 0 0 0 1 0 0 0 0 0 0 0 1 0 0 0 1 2 524 0 0 4 0 1 2 1 0 0 1 5 0 1 20644 3 0 43 0 4 11 0 1 0 1 63
0 9 3 0 0 0 0 5 0 1 0 0 130 0 1 1 13 0 6 0 1 3 1 0 0 0 0 7 1 0 2 0 0 7 1 1 13 0 0 0 0 0 1 47 24 22 0 0 0 0 0 1 2 7 8 10 0 3 8 0 0 0 0 0 0 3 0 0 1 429 89 1 0 2 0 0 1 0 0 1 2 0 6 0 1 20635 45 0 0 3 10 0 0 0 33 0
0 3 0 2 0 1 2 0 0 0 3 4 139 142 20 17 0 1 16 8 7 0 0 0 1 0 0 0 1 0 0 0 5 0 0 0 0 11 0 0 0 11 0 44 0 16 3 2 1 0 0 0 0 1 0 0 12 13 23 0 1 1 0 2 4 9 11 12 411 14 86 2 1 0 1 0 0 0 0 0 0 1 26 0 33 20588 0 2 0 2 8 1 0 0 29 0
1 0 1 0 0 0 0 0 0 0 1 0 1 0 164 0 22 21 0 0 0 3 0 0 5 0 0 1 0 0 0 1 1 0 0 1 0 8 2 7 10 0 27 0 13 13 1 0 0 0 0 7 9 10 14 0 1 0 0 26 27 32 34 35 140 142 143 153 243 13 11 70 0 0 2 0 0 1 2 0 1 15 0 31 0 58 20493 1 0 1 3 1 0 1 24 1
0 0 0 0 0 2 1 0 2 0 0 0 0 0 2 193 0 0 0 8 5 0 0 8 0 10 9 3 2 1 0 2 0 0 0 3 7 1 1 0 0 0 13 0 0 11 12 7 0 0 4 0 2 5 6 15 0 4 0 0 0 0 100 103 0 0 4 3 242 12 10 68 1 3 0 0 0 0 9 11 12 0 1 2 0 56 20487 0 0 0 0 2 0 0 0 22
0 0 0 0 1 3 5 1 0 4 3 0 0 0 0 196 0 0 10 2 1 0 0 9 12 0 0 0 0 7 5 1 1 0 0 0 0 0 0 0 5 7 1 0 9 0 1 1 4 0 2 0 1 0 1 39 40 42 51 56 58 98 0 0 0 2 0 2 241 11 9 65 6 1 1 0 0 2 0 0 0 0 1 31 32 54 20485 0 3 0 0 0 0 0 1 20
0 0 2 0 1 20 35 39 44 51 56 0 1 0 0 277 0 1 14 0 0 0 1 23 1 0 0 0 10 0 0 0 0 0 0 0 0 0 0 0 3 0 0 0 6 0 0 0 0 0 1 0 0 2 3 9 0 2 0 0 15 21 0 1 0 0 0 1 240 10 8 39 17 3 0 0 0 0 0 15 24 25 27 0 19 0 1 20481 0 0 11 1 0 0 4 1
0 1 8 15 17 1 1 0 2 0 3 66 71 74 76 0 278 2 21 2 0 0 4 26 0 0 1 1 11 1 1 0 0 0 2 1 2 0 1 0 0 0 0 4 0 0 0 1 0 0 0 0 0 5 7 8 0 0 0 13 0 18 0 3 0 0 0 0 239 9 7 38 12 3 2 0 0 4 12 0 4 0 0 16 1 0 0 2 20471 15 0 6 0 0 2 0
0 4 0 0 0 0 0 0 0 2 0 2 1 0 0 0 0 305 0 1 0 0 0 32 3 0 2 2 19 3 0 0 3 0 6 0 4 0 3 1 0 0 2 0 2 5 3 0 1 1 0 0 4 0 0 4 5 0 9 1 0 6 10 2 0 0 3 232 4 8 6 37 7 2 1 0 1 4 0 0 2 0 11 2 0 0 1 0 20454 0 0 4 1 0 0 0
1 0 0 0 0 0 0 0 0 0 0 0 0 0 0 0 13 307 0 0 0 0 2 33 4 0 32 25 0 0 0 0 0 6 0 13 0 5 3 0 0 0 0 0 0 0 12 0 5 0 0 0 0 0 1 0 0 7 0 0 3 0 2 0 0 1 184 42 3 7 5 36 0 3 1 0 0 1 1 0 0 8 0 1 0 1 0 0 20451 1 0 0 0 0 0 3
0 0 2 7 1 1 2 0 0 0 2 0 0 2 7 8 0 325 2 0 0 2 0 44 0 36 1 0 3 2 0 1 0 8 0 30 0 11 0 3 1 0 0 0 0 0 1 23 0 1 0 0 0 0 0 1 2 0 0 0 0 0 0 0 0 1 181 41 2 6 4 34 0 0 0 1 0 0 0 2 6 0 0 0 0 0 3 27 20420 1 0 0 0 0 6 1
0 0 1 0 9 18 0 2 0 4 0 0 0 0 0 0 1 330 1 0 0 4 0 93 47 46 0 0 0 0 0 2 0 1 12 0 51 5 4 0 1 0 1 1 1 0 1 24 0 2 1 1 1 1 0 1 2 8 0 0 0 0 0 1 0 0 178 40 1 5 3 0 32 30 23 4 1 0 1 1 0 0 1 0 13 15 19 0 0 20416 3 1 0 0 12 0
0 0 0 1 0 20 0 4 0 7 0 0 0 0 0 2 0 339 0 0 1 0 103 2 0 1 5 2 1 7 4 3 0 0 0 0 52 0 1 0 5 0 0 4 2 0 0 28 3 0 0 2 4 0 2 0 1 2 9 2 1 1 3 2 0 162 14 39 0 4 2 1 0 5 2 11 1 0 0 0 0 1 2 10 0 1 0 15 25 20385 0 0 1 0 18 4
0 0 0 0 3 4 27 6 8 2 1 0 0 3 0 0 6 0 342 346 0 110 4 0 0 0 0 0 8 0 0 0 0 2 3 2 54 2 0 8 0 0 0 6 5 0 0 35 1 0 1 0 9 1 3 0 2 3 17 3 0 2 0 4 156 2 13 38 0 0 0 0 0 4 0 0 10 1 0 0 1 2 3 4 5 6 14 0 8 20383 0 0 5 0 24 0
0 0 3 4 5 7 36 0 19 3 2 0 0 4 0 1 0 0 0 0 464 4 2 1 0 0 0 0 10 2 0 1 0 0 0 8 58 0 12 1 0 0 0 15 0 0 0 0 38 3 0 0 0 17 0 0 0 2 3 22 28 29 35 147 3 1 12 36 35 0 26 0 0 2 0 3 0 2 0 0 0 0 1 4 0 5 0 3 6 9 20371 20367 0 26 0 3
0 0 0 0 0 0 0 38 24 1 0 0 2 5 0 0 0 3 4 7 467 0 3 0 0 0 2 1 11 3 1 2 0 1 1 68 0 15 0 0 1 0 0 0 16 2 1 0 40 4 1 3 0 18 0 0 0 0 1 0 0 0 0 105 2 0 11 0 0 32 0 24 1 0 1 0 1 0 0 1 2 0 0 0 2 0 2 0 0 8 2 0 20358 1 0 0
0 0 2 7 8 9 12 52 32 1 0 0 4 0 6 2 0 0 0 477 0 0 0 0 0 2 0 5 16 0 2 0 4 0 3 77 0 18 1 0 6 3 0 0 19 20 26 1 55 8 5 0 0 20 1 0 0 0 1 3 0 2 0 104 1 0 1 7 0 0 2 20 2 1 0 0 0 0 1 2 8 0 1 0 0 0 0 0 1 5 0 0 20327 0 0 5
0 1 0 0 0 5 6 94 0 2 1 0 0 7 8 16 23 24 27 478 0 0 0 0 1 0 3 32 24 3 0 1 5 0 0 0 98 0 9 8 0 0 0 0 0 0 0 30 56 2 0 0 2 3 27 1 1 0 0 50 52 53 82 20 1 0 0 1 3 0 0 0 15 2 1 0 0 0 0 1 2 16 0 0 0 0 0 0 3 0 0 0 14976 5348 8 0
3 1 0 0 3 0 1 97 0 1 0 0 0 0 0 0 0 0 2 28 482 0 0 51 48 43 36 0 0 0 0 4 11 1 0 0 114 10 0 0 0 2 1 2 0 0 1 95 63 0 0 0 0 0 1 33 34 40 43 0 1 18 4 17 5 4 0 0 1 0 1 4 2 3 1 0 1 1 0 0 1 17 0 0 2 0 3 0 0 0 0 7 14967 5338 0 0
10 1 0 0 1 0 1 2 101 0 0 2 0 0 3 0 0 0 0 33 517 0 54 0 1 0 0 0 0 0 0 0 0 14 0 1 0 117 0 0 3 4 14 0 1 0 100 0 0 0 0 0 2 0 0 0 0 0 0 3 15 2 3 2 7 0 2 0 0 0 0 0 0 0 0 0 1 6 1 0 0 3 19 4 0 0 4 0 0 1 0 3 14966 2 5333 10
0 1 0 0 2 3 4 7 114 116 1 4 0 0 4 3 0 0 1 0 0 577 2 1 0 0 0 0 0 2 1 2 4 21 1 2 0 120 0 0 0 0 16 0 2 3 106 0 0 0 0 2 3 1 1 0 0 0 1 0 7 1 2 1 2 2 0 0 0 0 0 0 0 0 0 0 0 7 2 0 1 2 24 5 0 2 0 7 3 0 0 1 14965 1 4 5316
0 0 0 0 0 2 0 0 0 0 120 128 0 6 4 0 0 0 0 4 6 582 3 1 0 0 0 2 0 4 0 0 2 29 32 3 0 121 0 181 182 202 0 0 0 0 2 108 2 0 0 4 7 0 2 4 1 0 0 2 3 0 1 0 0 0 0 0 2 1 1 1 2 0 1 0 3 0 11 1 0 0 36 0 1 0 3 0 14 17 0 0 14964 0 3 0
1 4 1 0 0 0 4 0 1 0 28 30 161 13 0 1 0 3 4 5 595 4 1 0 0 1 1 18 14 7 0 0 2 0 0 47 52 54 179 0 0 0 207 1 0 0 0 114 5 0 0 15 0 26 19 18 0 3 0 1 1 0 0 0 0 0 0 0 0 6 9 6 0 1 2 0 0 5 19 0 4 0 0 41 42 46 51 0 0 0 19 14961 1 0 0 0
7 0 1 0 3 4 12 0 19 24 1 0 0 176 0 0 2 0 0 604 0 0 0 0 0 31 24 4 0 3 0 0 0 0 6 1 2 0 0 0 2 0 0 213 0 0 0 0 124 0 0 0 45 0 2 0 11 0 0 0 0 0 0 1 1 0 3 0 0 17 0 1 0 0 6 0 2 3 4 20 0 6 0 1 0 2 3 58 59 60 157 14781 0 0 2 0
2 0 0 0 0 1 1 17 0 0 0 0 1 0 179 5 0 0 2 615 6 2 1 0 34 0 0 1 0 2 0 0 2 3 0 0 1 0 1 0 12 0 0 217 1 0 0 0 0 132 1 66 47 0 0 0 5 1 0 0 1 0 3 9 0 1 0 5 22 2 0 2 0 0 7 0 0 0 1 28 0 0 8 0 0 0 0 0 2 93 1 1 14777 4 0 0
1 0 0 0 0 0 0 0 0 0 1 0 2 0 0 187 0 0 0 618 0 2 0 0 38 1 0 0 0 0 0 0 0 0 2 0 0 0 1 7 0 15 0 242 0 0 3 5 6 0 204 0 16 4 2 1 0 1 0 0 0 3 4 0 10 2 0 30 1 0 0 0 5 0 0 9 1 0 0 1 40 41 51 0 2 0 0 0 0 89 0 0 14770 0 0 0
0 0 1 1 1 0 0 0 2 0 0 3 17 22 24 189 0 1 0 621 1 0 0 0 40 0 0 0 2 0 0 2 0 0 3 0 0 0 0 0 0 1 20 0 244 0 0 0 0 0 206 0 7 2 1 0 0 0 0 1 0 0 0 6 0 11 42 37 1 0 3 0 0 8 0 15 0 0 1 0 7 0 3 56 65 67 1 0 83 3 0 0 14768 0 6 0
0 1 4 0 0 2 2 0 3 7 10 11 0 0 0 215 0 0 4 623 0 0 0 0 0 53 10 6 0 0 0 2 3 6 6 0 0 3 0 0 0 0 0 0 245 0 0 3 1 1 207 1 0 6 1 0 0 1 3 0 0 1 4 5 14 56 0 0 0 0 6 0 0 0 11 16 0 0 1 4 0 0 0 0 2 0 76 82 0 1 0 10 4 14750 0 2
1 2 5 0 2 3 3 0 0 0 0 1 0 2 2 216 2 0 5 624 1 1 0 1 57 0 0 0 0 0 5 6 10 7 9 0 0 0 9 11 0 1 0 4 6 255 0 0 7 2 213 2 0 3 0 0 0 3 7 0 1 0 0 0 0 73 0 0 0 0 7 0 1 0 0 29 0 2 0 1 0 0 0 0 0 2 1 1 0 0 2 8 3 14740 1 0
0 3 8 0 3 8 1 0 0 1 0 0 3 0 7 222 1 0 0 632 71 2 0 61 0 0 1 0 0 2 0 2 17 19 0 0 1 0 2 0 14 17 0 0 0 48 305 306 8 219 1 0 0 0 0 0 3 13 0 0 0 4 0 2 0 77 0 2 0 0 9 0 3 0 0 3 39 0 0 0 5 0 2 0 0 0 0 0 0 1 0 4 2 14724 12 1
