example_data/fac.txt
ncols         457
nrows         455
xllcorner     116.50864690785
yllcorner     26.34160728922
cellsize      0.002015441643
NODATA_value  -9999
[rows 224 to 279 of 455, columns 96 to 191 of 457]
1 0 142 0 0 0 0 0 0 0 23 20 0 0 0 0 0 0 9 1 0 0 6 2 0 1 1 0 1 28 29 37 1 0 2 10 0 2 0 1 0 0 0 0 0 4 5 97 0 0 16 0 5 0 0 0 0 3 6 8 0 2 0 23843 10 10 22 123 0 1 1 4 14 21 8 2 1 0 0 0 78 0 0 0 0 0 5 7 0 235 1 0 0 0 231 0
154 147 0 0 0 0 0 0 0 28 0 1 7 5 0 1 2 0 21 0 0 0 7 0 1 2 2 0 2 18 3 0 1 0 1 3 4 0 0 0 0 0 0 0 2 0 2 96 0 0 14 0 0 3 1 0 0 0 0 0 0 0 0 23842 9 9 21 122 0 0 0 3 13 0 10 1 0 0 0 1 75 11 2 1 0 0 0 0 0 234 0 0 2 228 0 0
0 0 0 0 2 6 0 0 36 0 0 0 0 0 0 0 1 7 0 23 0 0 10 0 5 11 4 0 0 17 0 1 0 0 0 1 0 3 0 0 0 1 16 0 0 0 1 91 0 2 5 2 0 0 0 0 3 5 8 0 0 0 23827 12 8 8 20 1 118 0 0 2 12 0 5 1 0 0 3 53 8 0 7 0 0 0 0 1 0 231 0 0 3 220 0 0
164 0 0 0 0 52 43 42 0 3 0 0 0 0 0 0 0 0 0 26 0 2 11 25 13 0 5 3 0 0 15 10 2 1 0 0 2 0 2 5 10 13 0 19 0 0 0 88 0 0 2 1 0 0 0 0 0 1 4 14 16 23822 3 11 7 7 19 0 2 113 0 0 10 2 0 4 0 0 34 11 0 6 0 5 4 0 0 1 4 228 1 0 1 54 163 0
166 0 3 0 56 1 0 1 0 0 0 0 6 2 0 0 0 0 0 0 29 3 40 0 3 0 0 0 0 0 2 0 5 1 0 0 0 0 0 0 0 0 0 13 35 36 0 81 3 0 1 0 1 3 6 9 0 0 0 0 67 23735 2 10 6 6 18 0 1 2 108 0 6 0 0 2 0 0 32 0 9 0 3 1 0 0 0 1 198 10 10 0 0 53 161 0
167 0 5 62 3 0 0 0 0 0 0 9 0 0 0 2 2 0 0 0 0 80 0 0 0 0 0 2 1 0 0 0 2 0 0 0 0 0 0 0 1 10 11 0 1 12 75 3 0 0 0 0 0 0 0 11 1 0 1 64 0 23734 1 9 5 5 7 9 0 1 98 8 0 4 1 0 0 1 27 0 7 0 0 0 0 0 2 193 1 9 8 0 0 51 1 157
0 0 71 0 0 0 0 0 1 0 13 0 0 0 0 8 0 1 1 0 85 0 3 2 0 6 4 0 4 1 0 0 0 0 1 1 0 2 3 5 6 0 0 5 9 0 23 1 0 0 0 0 0 0 1 16 0 0 3 59 0 23733 0 8 4 4 6 7 0 0 97 5 0 1 0 0 0 10 14 1 0 5 1 0 0 2 188 0 0 8 0 5 1 48 0 0
0 78 3 0 0 0 0 1 23 19 1 0 0 2 0 0 14 0 2 0 87 0 0 0 7 0 0 6 0 1 0 3 0 0 0 7 0 0 0 0 0 1 3 0 1 21 0 0 0 2 0 0 2 0 7 8 30 0 0 57 23732 0 0 7 3 3 5 0 4 0 96 0 2 1 0 0 2 5 5 5 0 1 0 0 2 86 97 0 0 5 0 4 0 1 45 0
82 0 0 2 0 0 2 27 0 0 0 0 2 5 0 0 15 0 178 92 2 1 0 0 0 9 14 5 0 1 0 4 0 1 2 8 0 0 2 0 1 2 3 0 0 19 0 3 4 10 0 2 0 5 0 2 0 38 39 15 23730 0 2 2 2 2 4 1 1 0 95 72 71 0 0 0 0 4 0 4 4 1 0 0 0 82 0 95 0 0 3 1 1 0 44 0
0 0 0 0 0 0 0 35 2 0 0 0 10 0 0 0 199 180 0 80 77 74 71 39 34 32 2 0 3 0 0 7 0 0 0 14 0 1 3 1 0 2 13 15 17 0 0 0 0 0 18 1 0 0 0 0 3 0 0 14 23729 0 0 1 1 1 1 0 0 1 21 0 0 68 5 2 1 0 1 3 0 0 0 0 1 78 0 86 6 1 2 0 0 31 9 0
0 0 5 0 0 3 39 1 0 0 1 0 12 1 0 204 201 0 0 1 1 1 29 1 0 1 1 0 0 0 10 0 0 0 1 0 16 10 3 0 0 2 2 0 0 0 0 0 1 0 24 0 0 0 0 0 0 1 4 7 3 23723 0 0 0 0 0 0 0 0 17 1 0 0 60 2 1 0 0 0 1 0 0 0 0 18 55 0 84 3 0 1 2 26 0 8
1 0 0 6 0 47 1 0 0 0 2 0 0 13 215 6 5 1 0 0 0 0 28 0 0 0 0 3 7 11 0 0 1 0 3 0 32 2 1 0 0 0 1 0 0 0 2 0 0 3 0 26 2 0 2 0 0 0 1 6 2 23721 0 0 0 0 0 1 0 0 1 10 1 0 0 55 53 0 0 2 1 0 1 0 17 0 54 0 82 0 2 0 1 24 0 7
0 0 0 8 0 48 0 0 3 0 0 256 251 249 2 1 0 2 1 0 0 0 26 4 3 0 2 0 0 26 1 1 4 0 0 43 3 2 1 0 0 0 0 1 4 6 5 0 0 0 0 0 27 4 8 4 0 0 3 5 1 1 23717 0 1 0 2 3 0 0 0 0 6 5 3 0 0 52 47 43 1 0 3 8 1 2 1 50 0 80 0 1 0 1 21 0
3937 3939 3941 3952 0 0 59 6 1 0 264 5 3 0 15 12 4 3 1 0 0 5 14 0 0 0 1 0 4 0 33 0 5 0 1 44 2 1 0 2 0 0 0 1 2 17 0 2 0 0 3 0 1 43 0 0 0 0 0 0 0 0 23714 14 13 10 8 0 2 36 35 33 0 0 0 0 0 0 1 0 40 0 0 3 0 1 0 48 0 1 76 0 0 0 1 18
0 0 31 32 3986 3994 61 0 0 265 0 0 0 0 1 5 0 0 0 0 0 1 10 1 0 0 0 0 1 0 38 0 6 0 0 50 0 0 4 0 0 1 0 0 0 21 0 4 0 0 5 0 49 1 0 0 0 0 0 0 0 0 23698 0 0 0 0 0 41 0 0 0 30 29 28 27 0 6 5 0 38 0 0 0 1 0 0 47 1 0 3 70 6 4 0 17
1 28 0 3 6 0 4058 0 270 268 0 1 0 0 0 3 0 1 7 5 0 0 2 6 3 1 0 0 0 1 0 48 59 0 0 69 14 13 1 0 1 2 1 1 0 0 23 5 0 0 1 9 52 1 0 2 0 0 2 1 4 23696 0 0 3 0 0 45 0 0 151 150 147 0 0 1 22 0 0 2 0 36 1 0 0 0 37 0 4 0 2 62 0 1 1 5
22 0 1 2 1 0 4335 271 0 9 6 3 2 1 1 0 0 12 0 0 0 0 0 0 0 1 0 0 0 0 8 0 62 0 0 71 0 0 3 0 0 11 2 0 0 0 2 33 35 0 0 11 57 2 0 3 1 0 0 4 23688 0 0 260 254 253 252 202 156 154 0 0 0 145 0 0 1 11 6 0 0 0 31 1 0 1 1 31 0 2 0 0 61 0 0 4
0 9 0 1 0 0 0 4336 12 0 1 0 0 0 0 0 0 18 0 1 0 0 0 0 2 0 0 0 4 5 0 0 0 65 76 2 1 0 0 0 0 12 0 1 1 0 0 1 0 37 0 71 0 0 0 0 5 9 10 12 18 23662 265 2 1 0 1 7 36 0 0 1 3 138 0 0 0 2 0 4 0 1 0 25 10 0 0 27 2 0 0 0 58 0 0 2
5 2 0 0 0 0 5 4343 24 0 5 2 0 0 0 0 2 0 23 0 1 0 1 4 10 9 1 0 0 0 4 5 9 77 77 0 0 0 0 0 0 16 3 0 2 0 0 0 4 0 40 73 0 0 0 0 0 0 0 0 4 23390 4 3 1 0 0 6 24 9 6 0 0 0 135 1 0 0 0 2 0 0 10 0 1 9 0 26 0 0 0 3 0 52 0 1
0 0 0 0 0 3 0 4371 0 9 0 1 0 0 2 0 0 1 25 0 2 0 21 12 0 4 1 0 1 2 0 2 0 0 157 162 1 0 3 0 0 0 24 0 3 0 2 4 10 0 0 116 0 1 1 0 3 0 0 0 2 23389 0 0 0 1 0 5 23 1 0 4 0 2 0 127 65 64 63 59 0 2 0 5 0 1 5 0 24 0 0 0 10 39 0 0
0 0 2 0 0 0 0 4379 0 0 0 0 0 0 6 0 0 30 0 3 0 0 37 13 0 4 1 0 0 0 0 0 0 1 3 0 170 5 0 0 0 1 2 29 0 0 0 0 0 12 14 133 0 2 0 3 12607 12615 0 0 0 23346 40 29 28 1 0 4 0 21 0 0 1 0 0 47 12 0 1 0 58 0 1 4 1 0 1 2 20 1 0 1 7 32 4 3
0 2 3 2 0 0 5 0 4387 0 0 1 1 8 0 0 0 85 53 49 44 42 0 0 10 0 3 0 0 0 3 0 0 0 0 8 172 0 2 0 0 1 2 6 42 1 1 0 3 12441 12443 0 134 0 12599 12606 0 12618 0 1 0 23345 9 5 0 21 1 0 3 20 10 1 0 0 45 0 1 8 0 0 56 0 0 0 0 0 0 1 0 18 0 0 6 0 30 3
1 16 12 1 0 0 1 0 2 4391 4393 2 13 1 0 2 86 0 0 2 0 0 0 0 0 2 0 0 0 1 12 13 17 0 0 0 188 5 1 0 0 0 0 3 0 49 0 0 12435 0 1 12446 12447 12592 0 1 0 12622 0 2 23328 15 2 0 4 18 1 0 2 0 7 7 6 2 0 44 0 0 5 0 7 46 1 0 35 1 0 0 2 3 9 1 5 0 23 0
22 0 0 1 0 0 0 1 0 2 0 4399 15 0 0 97 4 3 0 0 0 0 1 1 0 0 0 0 2 4 0 0 0 20 0 0 193 3 0 0 1 1 0 0 0 51 0 12434 1 0 0 0 7 0 0 0 0 1 12624 23315 7 14 0 0 3 13 1 0 0 0 6 1 0 2 0 41 1 0 3 0 6 0 42 40 0 32 1 0 1 2 6 0 0 3 22 2
5322 0 0 1 0 0 0 0 0 0 0 0 4416 104 103 0 0 0 0 0 1 1 5 0 0 0 0 0 0 1 2 0 0 23 0 198 0 1 0 0 5 0 0 0 0 0 12422 7 2 0 0 1 2 1 0 0 0 0 10683 5 6 12 2 1 0 2 12 0 1 0 0 2 1 0 1 0 40 35 0 0 0 4 0 0 1 0 28 0 0 1 1 3 0 1 1 16
0 5325 3 0 0 0 2 0 3 0 2 0 4524 0 1 0 0 2 1 1 0 11 0 1 1 0 2 0 0 0 1 6 0 0 24 225 0 0 0 0 9 0 1 0 2 12368 0 2 0 0 0 1 0 0 0 0 4 0 10680 4 5 0 8 1 0 1 1 8 3 1 0 8 4 3 2 0 2 0 34 1 0 3 1 0 0 1 2 21 0 0 0 0 1 0 0 6
5337 0 5347 0 2 0 3 0 4 0 1 4532 0 0 0 0 0 1 7 4 0 32 19 14 13 9 0 0 1 0 1 0 8 9 12 0 226 6 4 0 0 14 0 0 12364 1 0 0 0 0 1 6 0 2 0 0 0 10679 2 0 1 1 5 1 0 0 0 0 0 0 151 141 2 1 0 0 0 0 1 29 1 0 0 1 0 0 1 0 18 11 0 1 0 0 3 1
1 5340 0 5352 0 7 0 1 8 0 0 4535 0 0 0 1 0 0 8 44 33 2 0 0 0 2 0 0 4 0 1 4 0 0 0 17 253 0 0 0 0 0 12347 12350 7 3 0 0 0 0 1 10 0 0 4 5 10671 0 0 0 0 0 0 1 0 0 0 0 155 154 1 0 140 137 1 0 0 0 0 0 25 16 15 2 1 0 0 2 0 1 9 4 0 0 0 0
0 0 0 1 5362 0 0 0 10 0 0 4540 3 2 0 0 2 2 55 0 4 0 1 0 0 0 0 0 1 5 0 0 7 0 0 0 0 256 0 0 1 12330 0 0 2 0 0 0 5 0 1 2 14 16 17 10427 0 235 228 223 222 221 217 215 1 198 196 194 193 7 2 1 0 0 134 6 1 0 1 0 0 6 0 9 2 1 0 0 0 0 0 0 3 0 0 0
0 0 5 5374 0 1 0 0 12 4551 4549 5 3 1 0 5 9 13 57 0 0 0 0 2 0 0 0 0 0 9 1 0 0 10 0 0 1 257 0 2 12322 0 4 0 0 0 0 1 0 6 0 0 1 2 164 10243 0 5 0 3 0 2 0 2 209 5 3 1 0 27 3 0 0 2 0 122 2 0 4 0 0 1 1 2 2 1 0 0 0 0 1 0 0 0 0 39
0 3 0 0 5378 0 0 0 4567 0 0 0 0 0 0 0 1 0 72 2 0 7 3 0 0 2 0 0 1 2 15 17 19 20 32 12019 12020 12286 0 12311 3 0 1 0 0 0 0 0 0 12 14 15 16 153 6 10241 0 0 2 0 0 0 0 1 3 0 0 0 0 26 3 1 0 0 0 1 119 102 0 0 0 0 0 0 0 0 0 1 10 4 1 0 0 0 0 51
0 0 0 0 5380 2 0 0 4569 0 0 0 0 0 1 0 0 3 4 11682 9 0 0 1 4 0 0 2 0 1 2 3 4 5 11985 0 4 0 12310 0 0 0 0 0 0 4 0 0 1 2 0 1 123 11 5 10239 1 0 0 0 0 0 0 0 0 0 4 3 1 0 20 2 1 0 0 2 0 11 95 94 0 0 0 0 0 1 16 12 0 2 0 0 0 2 53 0
0 0 1 0 5386 0 0 1 4570 0 1 1 1 0 1 5 6 11597 11599 0 11697 3 2 0 0 6 1 3 0 0 0 1 2 11965 12 0 0 20 17 0 0 1 0 0 2 3 5 8 0 0 1 118 1 10 4 10236 1 0 0 1 0 0 2 0 21 20 1 0 0 0 19 3 2 1 0 1 0 10 0 3 87 47 44 41 39 37 5 4 1 0 0 0 3 70 66 5
4 3 0 0 2 5762 0 5771 10345 0 0 6 0 0 0 0 11589 0 0 0 11700 0 0 0 3 7 2 7 9 11 12 13 11960 0 11 0 0 0 2 12 3 0 0 1 0 0 4 0 10 0 114 0 0 9 3 10231 1 0 3 0 1 1 3 27 0 0 11 5 1 0 1 12 2 1 0 0 0 4 1 2 7 29 0 0 0 8 2 1 1 0 0 0 77 0 1 2
5 0 366 0 0 371 5765 0 1 10348 10357 0 10402 10404 1 11576 1 7 0 0 11704 1 0 0 4 13 14 15 16 17 18 11945 0 0 9 1 0 0 0 5 0 0 0 0 5 0 57 60 73 110 2 0 0 8 2 10230 0 0 4 50 48 42 41 0 2 0 2 1 2 0 0 0 7 2 1 0 2 0 0 1 6 23 4 1 0 1 5 0 0 0 89 87 2 0 0 0
6 0 357 368 370 1 0 1 0 0 1 10399 0 1 10409 1165 0 5 0 0 11706 0 11718 11720 11721 11741 11742 11743 11744 11745 11894 29 0 3 0 1 0 0 2 0 0 0 3 0 0 48 0 0 0 34 0 0 0 6 1 9723 504 61 59 2 1 0 3 3 2 0 0 0 0 0 0 15 0 2 1 0 0 0 0 1 3 3 18 1 0 0 2 0 0 93 0 2 1 1 0 0
278 356 0 0 0 0 0 6 7 8 31 5 0 0 0 1164 0 3 0 0 5 11716 0 0 17 0 1 2 3 56 90 28 0 0 0 0 4 1 0 0 0 0 27 28 38 1 0 10 13 18 0 0 3 1 0 9722 357 83 66 65 64 0 0 1 0 1 0 44 26 20 18 0 14 4 3 2 1 0 0 1 0 2 10 6 2 0 0 0 0 95 0 0 0 0 0 1
45 0 21 0 0 0 1 0 15 19 1 3 0 0 1153 7 0 0 0 2 0 0 9 14 0 0 0 0 47 3 89 0 25 17 16 14 0 0 0 0 0 19 1 4 3 0 1 6 1 16 0 0 0 0 0 9721 356 2 12 1 0 63 59 58 49 48 47 0 16 4 0 0 0 7 1 0 0 0 0 0 0 0 9 0 2 0 0 0 101 3 1 0 0 0 0 1
0 0 19 2 0 0 1 3 10 2 0 1 0 1152 0 3 1 0 0 0 0 3 8 2 0 0 0 43 1 2 88 0 2 3 0 3 2 0 0 4 5 10 0 3 2 0 3 1 0 15 0 4 5 9715 9717 1 355 1 3 5 0 1 0 0 6 3 1 0 14 0 2 1 0 4 1 0 2 0 8 0 0 2 1 2 0 0 3 0 103 0 0 0 1 0 1 3
0 0 1 11 0 1 0 8 0 0 0 0 0 1148 0 0 1 0 0 0 1 0 3 0 0 2 36 5 0 1 87 0 0 0 0 2 0 0 0 0 2 6 0 1 1 1 0 0 10 3 0 0 9708 0 0 0 354 0 2 3 0 0 0 0 0 0 0 0 0 12 0 1 0 0 0 0 4 10 0 5 0 0 0 0 0 0 0 115 110 1 0 0 4 1 0 2
0 0 0 10 0 0 5 1 0 0 0 0 0 1145 1 0 0 0 0 1 0 0 0 0 0 30 0 4 0 0 30 54 0 22 21 0 0 0 0 0 1 2 2 0 0 0 0 9 1 0 0 7 9705 0 0 0 353 0 0 0 0 0 3 0 0 0 8 3 2 0 10 3 1 0 0 6 13 1 0 3 0 0 0 0 0 2 118 1 0 2 0 0 0 8 0 2
0 0 0 7 0 0 0 0 0 3 7 1 0 1141 2 1 0 0 2 3 0 0 0 2 0 28 0 2 0 0 29 52 50 25 0 19 18 16 5 1 0 1 0 0 0 3 6 0 0 1 5 0 4 9690 3 0 352 0 332 330 329 327 320 17 15 14 0 3 1 0 2 0 0 0 1 25 3 2 0 0 0 0 1 1 133 130 1 0 0 0 0 0 1 11 12 14
1 0 2 0 0 0 0 1 0 1 0 9 45 1091 0 0 7 5 0 6 1 1 0 5 24 1 0 0 0 26 0 0 0 21 1 0 0 5 1 1 0 0 0 1 0 0 0 0 0 0 2 0 2 2 9682 0 0 351 0 0 0 0 1 299 0 0 1 0 0 0 0 0 0 3 0 28 1 0 0 0 0 1 0 139 0 5 1 0 0 0 0 2 1 0 0 0
18 0 0 6 10 1 0 3 0 0 1 29 31 96 992 987 977 9 8 0 0 0 3 0 13 2 1 0 0 20 3 0 0 20 2 1 0 3 0 0 0 0 0 0 2 1 0 0 0 0 0 0 0 1 9675 4 0 15 5 3 0 0 0 297 1 0 279 1 0 0 0 0 1 5 30 0 0 0 0 0 2 0 143 1 0 0 1 0 0 2 0 0 7 0 0 0
3 0 0 3 0 12 0 1 23 24 25 0 0 95 3 0 0 966 5 4 3 0 0 0 3 4 1 0 0 18 0 0 1 1 11 5 0 0 1 0 0 0 3 4 12 0 0 0 2 0 0 2 0 0 9674 1 0 8 0 0 1 0 0 293 283 282 0 276 275 273 0 1 2 39 1 0 4 1 1 0 3 0 149 1 0 0 0 0 2 4 9 0 9 0 2 0
0 0 0 2 0 0 13 14 0 0 0 67 68 94 1 0 8 0 948 933 931 0 0 0 0 0 0 0 3 13 7 5 0 0 4 0 3 2 1 0 1 0 0 0 13 0 0 2 0 4 0 0 4 0 9672 4 2 0 6 1 0 0 1 2 2 0 0 0 0 0 270 260 257 206 204 6 0 4 1 0 168 161 2 1 0 1 0 0 0 0 11 0 16 3 0 0
2 0 0 0 0 0 1 2 0 1 65 0 93 12 0 0 6 0 13 0 0 928 1 0 0 0 0 0 0 4 0 0 4 0 1 0 1 0 0 0 2 0 4 0 0 14 2 3 0 6 0 2 8 9544 121 0 0 0 0 3 2 0 0 0 0 0 10 8 7 0 0 7 0 6 0 196 194 188 181 173 2 0 7 4 3 0 1 0 1 1 0 31 0 0 0 1
0 0 0 0 3 1 0 1 56 58 3 5 1 1 11 3 0 0 11 0 0 7 917 3 1 1 3 0 0 0 0 0 0 0 0 0 4 0 1 0 4 0 0 6 0 1 20 4 1 0 8 9 9533 0 115 3 2 1 0 1 0 0 0 18 14 13 1 0 3 0 0 3 0 5 1 0 4 0 2 2 0 1 0 0 0 0 0 4 0 4 34 0 1 0 0 2
0 0 3 0 1 8 0 41 7 0 2 4 0 0 10 0 1 0 6 0 4 0 0 911 905 8 1 0 0 0 0 0 0 0 1 0 6 0 0 4 5 0 1 8 1 0 0 28 0 1 2 9519 1 0 0 113 97 5 4 0 0 0 22 0 2 1 0 1 0 1 0 0 1 0 1 0 2 0 1 0 0 0 0 0 0 1 1 5 0 41 0 2 0 1 0 1
0 2 0 5 0 24 36 2 5 0 1 1 1 0 7 0 0 0 5 0 2 0 3 4 0 894 1 0 1 2 0 2 0 0 3 1 8 0 0 6 0 6 1 4 16 19 21 22 53 54 9509 5 3 0 1 12 0 90 88 86 84 77 24 0 0 0 2 1 0 8 3 2 0 0 0 0 0 0 0 0 0 0 0 2 1 0 4 0 7 0 42 5 0 2 0 0
0 7 8 12 21 0 1 1 1 2 0 0 0 0 6 1 0 0 2 0 1 0 0 0 1 860 30 0 20 13 9 7 0 0 0 6 9 0 1 0 8 0 8 9 0 0 3 4 5 9453 0 0 0 0 0 10 0 0 0 0 0 2 51 32 30 29 14 11 10 0 3 0 0 1 3 2 1 0 0 2 1 1 0 4 2 1 0 14 0 0 1 50 3 0 0 1
1 0 1 0 0 0 0 0 0 0 0 0 0 0 0 0 0 0 0 0 1 0 0 1 2 857 0 28 0 0 2 0 0 1 0 18 0 0 0 2 10 0 0 11 0 0 0 0 9406 0 38 1 0 1 0 0 7 5 2 0 1 0 12 3 0 0 8 2 1 0 0 0 0 6 0 1 0 0 0 3 0 4 0 1 8 2 1 0 16 1 0 58 0 0 3 0
0 0 0 0 0 16 0 0 0 0 0 3 0 0 0 0 1 0 0 1 2 6 0 0 0 852 0 2 2 0 0 0 0 3 7 20 0 0 1 6 0 27 13 0 0 0 1 0 9403 0 0 34 32 3 0 0 0 0 0 0 0 1 8 0 1 0 4 2 1 0 0 0 8 5 3 0 0 0 1 1 5 0 5 9 19 3 0 2 1 19 60 0 1 0 4 0
7 0 0 13 14 0 18 22 0 2 0 0 6 1 1 1 0 4 0 0 0 0 9 1 847 2 1 0 0 0 1 0 0 0 0 33 0 2 0 1 39 0 0 0 3 0 2 9377 22 2 0 0 0 26 10 7 6 5 2 1 0 0 0 6 2 0 0 0 0 0 1 22 8 1 0 0 0 1 1 4 6 1 0 0 0 25 1 3 2 0 81 4 0 0 0 7
0 1 0 9 0 4 5 7 36 0 0 0 1 13 16 2 0 0 9 1 0 1 0 15 829 1 0 0 2 0 3 0 0 0 2 0 39 0 0 48 90 0 0 0 4 6 9371 1 18 0 0 0 2 11 0 0 0 0 0 0 0 0 0 0 0 0 0 41 0 31 27 3 2 1 0 0 2 0 3 21 30 2 1 0 8 36 0 53 57 0 84 5 1 0 0 0
0 0 0 8 1 0 0 0 38 0 1 0 0 0 0 23 0 1 0 10 2 6 0 0 0 826 0 3 0 0 8 3 0 0 0 2 3 45 46 0 3 96 98 100 101 9363 0 0 0 15 0 0 0 2 6 5 0 0 0 0 3 0 0 0 0 0 44 0 37 4 1 0 2 1 0 0 5 0 9 0 0 35 0 5 0 0 45 0 5 64 0 91 4 0 0 3
