example_data/CT_GEO_1km/dem_fill.txt
ncols         120
nrows         113
xllcorner     116.50986550247
yllcorner     26.347145491795
cellsize      0.008062025005
NODATA_value  -9999
[rows 38 to 75 of 113, columns 0 to 85 of 120]
-9999 -9999 -9999 -9999 -9999 -9999 -9999 -9999 -9999 -9999 -9999 -9999 -9999 -9999 -9999 -9999 -9999 567 503 503 503 484 484 498 549 549 390 397 556 817 795 604 419 436 436 371 463 597 561 561 421 396 482 537 537 616 610 499 499 499 543 601 623 623 635 577 609 507 507 414 414 471 827 827 532 622 772 871 871 665 688 505 505 444 562 491 377 377 385 338 382 338 338 338 338 343
-9999 -9999 -9999 -9999 -9999 -9999 -9999 -9999 -9999 -9999 -9999 -9999 -9999 -9999 -9999 -9999 -9999 567 621 553 553 503 621 499 412 412 379 406 556 685 685 646 506 384 371 371 449 497 438 561 489 396 441 459 459 678 742 499 507 499 617 636 799 701 701 647 608 679 451 451 414 605 471 471 471 566 839 663 663 674 688 523 491 491 371 423 420 375 375 419 382 386 386 387 376 338
-9999 -9999 -9999 -9999 -9999 -9999 -9999 -9999 -9999 -9999 -9999 -9999 -9999 -9999 -9999 550 582 511 596 698 635 635 628 400 375 379 379 406 477 500 500 509 409 371 396 396 458 497 438 518 518 396 396 430 459 459 517 499 507 584 584 759 1103 913 913 743 862 647 451 451 414 421 416 531 531 662 852 617 536 674 558 501 369 369 466 416 344 344 344 419 361 456 412 412 364 338
-9999 -9999 -9999 -9999 -9999 -9999 -9999 -9999 -9999 -9999 -9999 -9999 -9999 -9999 533 550 489 489 672 815 723 723 478 408 391 375 379 379 388 396 446 446 415 375 371 371 458 371 409 453 453 413 408 371 371 371 390 499 487 734 734 895 1003 743 743 743 769 647 452 414 414 414 451 640 640 695 586 534 536 536 591 419 393 349 349 383 381 344 357 357 375 338 455 455 395 338
-9999 -9999 -9999 -9999 -9999 -9999 -9999 -9999 -9999 -9999 -9999 -9999 -9999 -9999 533 486 479 479 492 592 574 546 546 438 391 375 375 375 375 371 418 418 408 428 411 371 371 371 389 371 371 371 456 371 519 371 390 414 502 587 732 732 897 795 746 746 769 589 437 414 414 510 461 672 681 681 539 534 504 487 487 470 424 370 370 343 375 344 351 351 338 385 344 338 338 338
-9999 -9999 -9999 -9999 -9999 -9999 -9999 -9999 -9999 -9999 -9999 -9999 -9999 646 680 587 505 469 469 487 661 574 574 438 375 375 382 382 399 371 371 380 380 375 411 425 388 388 371 371 371 371 440 518 533 371 371 429 488 624 854 854 673 554 736 411 411 560 504 414 414 414 547 583 670 681 539 578 410 473 473 386 343 341 341 341 375 365 338 338 338 338 338 338 360 360
-9999 -9999 -9999 -9999 -9999 -9999 -9999 -9999 -9999 -9999 -9999 -9999 573 573 549 490 489 469 469 551 752 566 429 429 460 404 430 443 443 371 371 371 371 375 393 375 520 520 371 371 377 426 426 518 533 371 373 373 525 765 910 629 629 546 736 453 453 411 444 478 414 414 446 593 670 525 525 493 503 373 393 393 401 341 389 341 399 338 341 338 338 338 338 338 373 360
-9999 -9999 -9999 -9999 -9999 -9999 -9999 -9999 -9999 -9999 -9999 -9999 530 498 498 477 487 469 546 546 618 566 526 526 439 436 406 372 372 380 371 371 371 371 371 372 383 417 417 371 371 371 394 394 407 371 448 448 473 639 714 697 697 546 564 439 499 499 411 490 359 454 454 593 531 523 523 415 397 373 412 412 421 338 389 387 387 338 338 338 338 338 364 338 373 338
-9999 -9999 -9999 -9999 -9999 -9999 -9999 -9999 -9999 -9999 -9999 -9999 480 477 477 492 491 469 480 480 618 587 462 473 473 385 371 371 371 371 371 371 371 371 405 371 371 374 374 371 371 371 371 371 394 371 376 371 371 380 541 738 546 546 631 537 439 439 411 429 359 397 454 503 471 557 390 390 408 361 412 385 421 338 338 338 338 338 338 338 350 350 353 338 338 338
-9999 -9999 -9999 -9999 -9999 -9999 -9999 -9999 -9999 -9999 -9999 490 483 484 469 469 472 466 466 589 589 564 443 441 441 405 383 412 389 371 383 371 371 371 371 371 371 371 371 371 371 371 371 371 371 371 371 371 371 371 541 738 549 549 504 456 408 392 392 359 359 397 523 523 459 361 422 422 410 338 338 385 385 338 338 338 338 338 338 374 373 379 353 354 376 378
-9999 -9999 -9999 -9999 -9999 -9999 -9999 -9999 -9999 -9999 -9999 504 469 469 476 476 468 470 466 538 538 548 494 461 569 569 428 420 389 371 371 371 371 371 371 371 371 371 371 371 371 371 371 371 371 371 493 371 371 371 486 617 484 451 451 403 359 488 488 359 359 359 529 529 406 338 357 338 338 338 338 338 338 338 338 338 376 338 338 382 373 379 379 353 437 376
-9999 -9999 -9999 -9999 -9999 -9999 -9999 -9999 -9999 598 502 502 475 493 474 466 468 470 466 492 477 477 563 671 571 571 459 420 384 371 371 371 371 371 371 371 371 371 371 371 371 371 371 371 371 371 395 402 371 371 371 521 489 489 489 378 385 359 359 359 359 359 388 338 338 338 338 338 390 338 338 338 338 338 340 338 370 338 338 382 373 394 408 408 410 479
-9999 -9999 -9999 -9999 -9999 -9999 726 -9999 -9999 727 639 639 492 524 502 466 466 475 466 471 510 510 524 738 474 412 459 412 380 371 371 371 371 371 371 371 371 371 371 371 371 371 371 371 376 376 374 402 371 371 371 426 513 489 393 393 359 381 359 359 403 455 338 338 338 338 338 344 390 390 338 341 476 463 463 425 412 362 383 383 376 399 373 373 405 436
-9999 -9999 -9999 -9999 -9999 829 698 698 731 674 588 523 523 479 502 474 466 466 482 466 501 466 466 486 544 412 412 490 389 371 371 371 371 371 371 371 371 371 371 371 371 371 371 371 371 480 374 613 502 371 371 371 426 427 359 359 359 381 475 669 669 508 367 338 338 338 338 344 401 346 346 338 485 439 439 432 395 362 364 364 364 364 394 466 466 428
-9999 -9999 -9999 -9999 716 685 686 768 768 623 617 488 488 479 466 466 466 466 466 466 469 466 466 489 544 509 488 488 387 371 371 377 377 371 371 371 371 371 371 371 371 371 371 371 371 480 480 481 656 406 371 371 393 371 452 462 462 617 489 532 532 601 338 338 338 338 338 348 449 416 416 444 526 430 361 361 395 365 361 383 383 380 373 415 415 415
-9999 -9999 -9999 836 656 556 745 843 843 828 602 539 500 500 466 499 466 487 487 474 466 469 489 489 523 484 548 548 453 389 401 399 399 371 371 371 371 371 371 371 371 371 371 371 371 443 509 509 494 371 485 485 371 459 452 534 534 472 654 678 578 578 534 338 338 404 404 472 476 362 363 363 411 375 348 361 361 361 386 361 361 368 368 372 463 415
-9999 -9999 -9999 773 773 576 525 574 692 692 791 539 637 502 502 496 471 590 590 469 466 469 466 466 466 466 505 467 467 469 502 479 380 380 371 381 387 371 371 371 371 371 371 371 371 378 579 579 448 371 371 429 429 459 452 651 825 825 710 551 600 407 407 338 338 338 338 387 440 338 338 338 391 357 348 378 378 393 452 369 427 427 408 455 463 497
-9999 -9999 -9999 918 918 676 525 525 525 692 791 552 638 609 609 636 538 494 478 478 466 466 477 466 466 475 470 498 498 470 515 479 439 439 618 447 411 424 424 371 371 371 371 371 371 437 399 371 371 371 452 619 429 462 505 683 815 815 609 768 551 527 407 338 338 338 354 354 338 338 343 338 338 357 349 348 348 362 446 428 433 433 425 455 481 546
-9999 -9999 -9999 973 658 658 754 525 525 745 745 730 783 667 590 590 519 534 478 478 476 466 466 466 466 467 510 490 460 460 515 618 698 646 646 494 508 371 371 371 371 371 409 409 437 462 420 434 434 515 508 619 874 874 836 808 885 928 928 864 644 527 383 383 338 370 338 338 423 361 352 338 338 338 338 369 407 407 536 506 459 430 425 463 509 612
-9999 -9999 -9999 -9999 860 860 623 525 534 537 537 551 620 568 680 680 548 617 478 491 491 466 466 466 490 490 494 475 460 460 520 693 792 594 594 507 498 371 371 371 371 371 371 472 472 420 507 565 678 678 508 782 680 680 776 893 933 795 795 542 644 556 403 403 347 338 415 457 457 578 352 338 342 342 397 474 471 503 503 481 527 430 430 565 665 702
-9999 -9999 -9999 -9999 -9999 803 623 614 520 505 505 505 505 560 654 678 678 617 596 514 514 544 527 466 466 466 466 475 460 462 462 477 508 624 573 573 573 431 371 371 371 371 440 566 566 497 581 703 678 678 902 783 875 840 840 961 690 542 460 542 459 451 358 338 338 338 338 452 452 578 523 380 380 380 396 431 431 475 475 475 527 490 523 523 607 -9999
-9999 -9999 -9999 -9999 -9999 803 803 566 660 547 524 524 505 595 744 678 678 593 605 564 641 641 627 482 485 437 466 455 495 557 557 524 402 589 574 574 436 431 419 371 371 371 381 554 702 702 831 703 794 925 925 926 899 1068 1033 1033 939 785 460 460 391 404 338 338 338 338 338 361 446 446 408 427 375 375 375 442 431 480 475 475 604 -9999 -9999 -9999 -9999 -9999
-9999 -9999 -9999 -9999 -9999 -9999 855 855 703 538 504 504 504 504 744 720 455 455 484 497 493 493 482 461 553 437 437 484 474 499 596 596 402 530 385 382 436 423 371 371 372 372 471 625 948 948 831 876 1007 1229 1229 1273 1210 1242 1479 1479 1062 785 659 400 400 338 338 338 339 339 409 361 375 375 375 384 375 375 375 477 518 480 496 496 -9999 -9999 -9999 -9999 -9999 -9999
-9999 -9999 -9999 -9999 -9999 -9999 747 747 872 855 754 518 518 504 552 691 491 491 451 482 465 400 400 411 553 437 451 451 436 542 467 467 402 452 385 382 382 371 371 371 437 437 596 793 1000 1031 1031 1022 1361 1670 1620 1620 1566 1642 1279 1062 1062 710 558 478 478 338 386 338 338 338 409 372 381 375 375 375 455 454 478 478 518 480 554 584 -9999 -9999 -9999 -9999 -9999 -9999
-9999 -9999 -9999 -9999 -9999 -9999 937 1025 1025 729 584 575 504 504 609 593 480 473 473 424 424 394 394 411 394 449 403 403 428 428 633 402 402 452 375 440 371 371 371 404 444 742 742 980 1000 1254 1254 1513 1544 1701 1785 1785 1550 1371 1279 946 946 790 648 530 443 443 493 362 393 338 338 448 746 582 443 443 419 515 564 478 629 654 743 -9999 -9999 -9999 -9999 -9999 -9999 -9999
-9999 -9999 -9999 -9999 740 848 887 705 705 592 550 575 462 462 502 515 428 424 424 441 481 457 394 394 419 407 422 388 388 457 419 375 375 375 388 375 371 371 414 404 539 1031 1031 980 1140 1463 1398 1398 1617 1630 1616 1285 1285 1371 1003 795 569 569 536 492 604 604 543 585 393 338 338 473 520 624 673 673 609 639 564 604 -9999 -9999 -9999 -9999 -9999 -9999 -9999 -9999 -9999 -9999
-9999 -9999 -9999 658 658 507 540 608 572 572 550 479 462 515 515 494 424 424 424 424 481 457 434 434 388 388 415 388 388 388 375 375 465 465 479 371 371 371 371 393 586 817 1141 1141 1170 1476 1511 1511 1211 1100 1286 1234 1285 1045 795 681 597 597 504 404 338 770 543 585 363 338 374 374 343 427 592 776 776 -9999 -9999 -9999 -9999 -9999 -9999 -9999 -9999 -9999 -9999 -9999 -9999 -9999
-9999 -9999 -9999 522 507 507 507 653 572 572 573 470 465 443 443 481 424 451 424 424 449 446 486 413 413 419 388 407 389 389 375 375 459 496 496 412 371 371 371 450 586 817 1151 1151 1436 1327 1454 1185 1185 954 768 1234 915 915 559 584 588 498 498 520 338 770 770 480 338 388 338 338 312 312 380 343 776 896 -9999 -9999 -9999 -9999 -9999 -9999 -9999 -9999 -9999 -9999 -9999 -9999
656 589 515 515 612 612 507 653 475 470 470 496 517 624 443 443 424 449 424 424 424 447 516 537 537 500 394 388 421 389 378 379 436 763 763 666 470 385 562 450 733 954 1110 1221 1221 1465 1141 1150 819 819 768 1018 888 888 513 482 478 552 552 676 338 374 674 674 338 338 369 448 448 496 312 343 587 587 631 543 -9999 -9999 -9999 -9999 -9999 -9999 -9999 -9999 -9999 -9999
649 649 585 630 653 642 507 475 481 564 564 542 496 523 465 465 434 449 492 448 448 511 518 687 466 466 502 441 421 413 413 438 600 614 388 388 385 389 562 562 694 819 999 1155 1155 1140 925 967 894 819 670 852 557 433 433 421 421 380 380 676 338 338 338 338 338 364 424 621 621 496 312 304 304 304 413 304 -9999 -9999 -9999 -9999 -9999 -9999 -9999 -9999 -9999 -9999
585 585 616 763 836 642 642 523 554 562 703 703 562 556 492 469 434 518 494 466 578 578 505 538 542 542 502 441 446 413 413 453 503 412 385 385 385 389 459 677 677 1026 1218 1039 944 944 756 967 894 684 684 529 421 421 421 421 815 579 380 380 338 338 338 425 425 338 338 465 535 535 336 364 304 304 304 608 -9999 -9999 -9999 -9999 -9999 -9999 -9999 -9999 -9999 -9999
-9999 606 606 799 836 805 743 743 596 641 870 870 594 758 625 469 469 535 466 477 505 505 549 742 628 532 532 530 431 413 458 458 549 385 385 385 385 447 508 647 647 857 1034 939 893 893 756 782 723 618 618 421 620 764 871 871 1009 579 633 522 522 393 338 361 338 338 338 465 626 626 572 481 304 304 304 379 -9999 -9999 -9999 -9999 -9999 -9999 -9999 -9999 -9999 -9999
-9999 742 742 799 -9999 829 672 672 710 669 725 801 801 758 625 678 703 703 508 495 506 600 600 725 628 514 514 495 413 413 423 423 472 385 385 385 385 465 465 594 683 683 872 926 753 720 720 634 574 574 515 515 446 749 804 804 1009 925 685 441 441 338 408 447 599 599 338 424 444 614 614 576 405 304 477 477 471 626 -9999 -9999 -9999 -9999 -9999 -9999 -9999 -9999
-9999 -9999 -9999 -9999 -9999 904 724 827 827 824 964 951 801 797 701 777 587 587 495 575 621 730 730 725 562 543 468 468 413 474 563 419 419 385 385 385 391 391 425 539 749 749 887 731 753 697 697 615 779 780 967 967 845 709 786 1041 1041 895 516 359 338 338 495 453 577 483 483 441 402 459 459 581 462 364 441 477 471 512 846 -9999 -9999 -9999 -9999 -9999 -9999 -9999
-9999 -9999 -9999 -9999 -9999 -9999 789 783 -9999 -9999 -9999 951 959 959 881 593 570 538 538 744 783 643 555 555 494 485 449 449 459 686 627 588 419 385 385 385 395 395 538 420 569 732 732 731 708 702 662 662 877 964 1036 975 975 709 786 717 717 709 377 357 338 338 481 511 577 514 514 475 444 400 400 400 400 633 441 486 486 478 633 -9999 -9999 -9999 -9999 -9999 -9999 -9999
-9999 -9999 -9999 -9999 -9999 -9999 -9999 -9999 -9999 -9999 1009 948 833 833 858 892 899 604 604 723 683 643 630 630 557 449 449 486 486 749 587 588 439 439 395 385 385 416 416 416 521 688 732 846 786 770 782 782 856 1099 925 905 975 781 587 589 422 422 693 418 498 538 538 511 566 510 479 479 400 486 460 460 445 633 497 441 441 455 577 -9999 -9999 -9999 -9999 -9999 -9999 -9999
-9999 -9999 -9999 -9999 -9999 -9999 -9999 788 816 822 815 955 824 585 585 685 644 619 640 723 683 606 528 477 477 501 506 449 449 685 587 597 385 385 385 385 430 487 487 551 549 688 809 809 845 743 787 841 841 971 799 905 803 803 651 484 825 912 912 646 632 594 538 430 460 587 400 400 466 400 400 428 445 614 595 611 463 463 522 -9999 -9999 -9999 -9999 -9999 -9999 -9999
-9999 -9999 -9999 -9999 -9999 -9999 -9999 595 816 745 745 636 691 607 607 510 500 530 640 640 561 576 536 474 474 466 501 625 629 685 541 460 425 385 385 431 579 784 673 551 549 581 774 812 812 866 677 740 740 907 799 1024 950 950 777 685 891 1016 1016 898 632 594 433 433 403 400 468 400 400 400 440 428 640 640 787 568 463 463 626 -9999 -9999 -9999 -9999 -9999 -9999 -9999
